0 -0.17815
0.01 -0.17724
0.02 -0.17636
0.03 -0.17553
0.04 -0.1748
0.05 -0.1742
0.06 -0.17375
0.07 -0.17351
0.08 -0.17346
0.09 -0.1736
0.1 -0.17391
0.11 -0.17434
0.12 -0.17482
0.13 -0.1753
0.14 -0.1757
0.15 -0.176
0.16 -0.17615
0.17 -0.17614
0.18 -0.17597
0.19 -0.17566
0.2 -0.17523
0.21 -0.17473
0.22 -0.17419
0.23 -0.17363
0.24 -0.17308
0.25 -0.17254
0.26 -0.17203
0.27 -0.17156
0.28 -0.17115
0.29 -0.17082
0.3 -0.17058
0.31 -0.17047
0.32 -0.17048
0.33 -0.17062
0.34 -0.17091
0.35 -0.17133
0.36 -0.17191
0.37 -0.17265
0.38 -0.17357
0.39 -0.17468
0.4 -0.176
0.41 -0.17752
0.42 -0.17928
0.43 -0.1813
0.44 -0.18361
0.45 -0.18628
0.46 -0.18937
0.47 -0.19299
0.48 -0.19721
0.49 -0.2021
0.5 -0.20768
0.51 -0.21397
0.52 -0.22093
0.53 -0.22849
0.54 -0.23655
0.55 -0.24501
0.56 -0.25373
0.57 -0.2626
0.58 -0.27148
0.59 -0.28023
0.6 -0.28874
0.61 -0.29688
0.62 -0.30456
0.63 -0.3117
0.64 -0.31825
0.65 -0.3242
0.66 -0.32959
0.67 -0.3345
0.68 -0.33902
0.69 -0.34326
0.7 -0.34735
0.71 -0.35141
0.72 -0.35561
0.73 -0.36009
0.74 -0.36503
0.75 -0.37056
0.76 -0.37683
0.77 -0.38392
0.78 -0.39191
0.79 -0.40084
0.8 -0.41072
0.81 -0.42158
0.82 -0.43342
0.83 -0.44631
0.84 -0.46029
0.85 -0.47541
0.86 -0.49169
0.87 -0.50908
0.88 -0.52754
0.89 -0.54697
0.9 -0.56729
0.91 -0.58841
0.92 -0.61019
0.93 -0.63247
0.94 -0.65507
0.95 -0.67784
0.96 -0.70065
0.97 -0.72339
0.98 -0.74592
0.99 -0.76815
1 -0.78997
1.01 -0.81133
1.02 -0.8322
1.03 -0.85259
1.04 -0.87256
1.05 -0.89223
1.06 -0.91166
1.07 -0.93089
1.08 -0.94992
1.09 -0.96875
1.1 -0.98737
1.11 -1.0058
1.12 -1.024
1.13 -1.042
1.14 -1.0598
1.15 -1.0773
1.16 -1.0947
1.17 -1.1119
1.18 -1.1289
1.19 -1.1457
1.2 -1.1623
1.21 -1.1787
1.22 -1.1948
1.23 -1.2107
1.24 -1.2263
1.25 -1.2418
1.26 -1.2572
1.27 -1.2725
1.28 -1.2877
1.29 -1.303
1.3 -1.3183
1.31 -1.3335
1.32 -1.3486
1.33 -1.3635
1.34 -1.3781
1.35 -1.3922
1.36 -1.4059
1.37 -1.4192
1.38 -1.4319
1.39 -1.4441
1.4 -1.4558
1.41 -1.467
1.42 -1.4775
1.43 -1.4875
1.44 -1.497
1.45 -1.5059
1.46 -1.5144
1.47 -1.5223
1.48 -1.5298
1.49 -1.5369
1.5 -1.5435
1.51 -1.5496
1.52 -1.5552
1.53 -1.5604
1.54 -1.5651
1.55 -1.5694
1.56 -1.5733
1.57 -1.5771
1.58 -1.5806
1.59 -1.5839
1.6 -1.5872
1.61 -1.5903
1.62 -1.5933
1.63 -1.5963
1.64 -1.5992
1.65 -1.602
1.66 -1.6047
1.67 -1.6072
1.68 -1.6095
1.69 -1.6113
1.7 -1.6124
1.71 -1.6126
1.72 -1.6116
1.73 -1.6093
1.74 -1.6057
1.75 -1.6008
1.76 -1.5946
1.77 -1.5873
1.78 -1.5791
1.79 -1.5701
1.8 -1.5606
1.81 -1.551
1.82 -1.5414
1.83 -1.5318
1.84 -1.5224
1.85 -1.513
1.86 -1.5031
1.87 -1.4926
1.88 -1.4809
1.89 -1.4675
1.9 -1.4519
1.91 -1.4334
1.92 -1.4114
1.93 -1.3853
1.94 -1.3543
1.95 -1.318
1.96 -1.276
1.97 -1.2285
1.98 -1.1758
1.99 -1.1186
2 -1.0576
2.01 -0.99435
2.02 -0.93046
2.03 -0.86807
2.04 -0.80957
2.05 -0.75743
2.06 -0.71406
2.07 -0.68149
2.08 -0.66108
2.09 -0.65317
2.1 -0.65686
2.11 -0.67003
2.12 -0.68957
2.13 -0.71182
2.14 -0.73311
2.15 -0.7502
2.16 -0.76063
2.17 -0.76284
2.18 -0.7562
2.19 -0.74101
2.2 -0.71839
2.21 -0.69015
2.22 -0.65837
2.23 -0.62508
2.24 -0.59179
2.25 -0.5593
2.26 -0.52769
2.27 -0.49655
2.28 -0.46533
2.29 -0.43375
2.3 -0.40196
2.31 -0.37066
2.32 -0.34114
2.33 -0.3151
2.34 -0.29454
2.35 -0.28152
2.36 -0.27804
2.37 -0.2859
2.38 -0.30671
2.39 -0.34167
2.4 -0.39143
2.41 -0.45591
2.42 -0.53406
2.43 -0.62371
2.44 -0.72161
2.45 -0.82358
2.46 -0.92509
2.47 -1.0218
2.48 -1.1103
2.49 -1.188
2.5 -1.2532
2.51 -1.3053
2.52 -1.3449
2.53 -1.3734
2.54 -1.3927
2.55 -1.4048
2.56 -1.4117
2.57 -1.4147
2.58 -1.4144
2.59 -1.4112
2.6 -1.405
2.61 -1.3957
2.62 -1.383
2.63 -1.3667
2.64 -1.3469
2.65 -1.3237
2.66 -1.2975
2.67 -1.2686
2.68 -1.2375
2.69 -1.2044
2.7 -1.1693
2.71 -1.1322
2.72 -1.0932
2.73 -1.0522
2.74 -1.0094
2.75 -0.96531
2.76 -0.92033
2.77 -0.87498
2.78 -0.82966
2.79 -0.78464
2.8 -0.74
2.81 -0.69568
2.82 -0.65149
2.83 -0.60726
2.84 -0.56289
2.85 -0.51846
2.86 -0.47423
2.87 -0.43061
2.88 -0.38809
2.89 -0.34721
2.9 -0.30859
2.91 -0.2728
2.92 -0.24039
2.93 -0.21178
2.94 -0.18722
2.95 -0.16678
2.96 -0.15034
2.97 -0.13765
2.98 -0.12845
2.99 -0.12246
3 -0.11939
3.01 -0.11895
3.02 -0.12077
3.03 -0.12445
3.04 -0.12954
3.05 -0.13563
3.06 -0.14232
3.07 -0.14924
3.08 -0.15608
3.09 -0.16257
3.1 -0.16856
3.11 -0.17399
3.12 -0.17888
3.13 -0.1833
3.14 -0.18739
3.15 -0.19126
3.16 -0.19507
3.17 -0.19893
3.18 -0.20293
3.19 -0.20709
3.2 -0.21137
3.21 -0.21572
3.22 -0.22003
3.23 -0.22416
3.24 -0.22799
3.25 -0.2314
3.26 -0.23435
3.27 -0.23682
3.28 -0.23884
3.29 -0.24046
3.3 -0.24176
3.31 -0.24282
3.32 -0.24373
3.33 -0.24454
3.34 -0.2453
3.35 -0.24607
3.36 -0.24689
3.37 -0.24782
3.38 -0.2489
3.39 -0.2502
3.4 -0.25174
3.41 -0.25352
3.42 -0.25551
3.43 -0.25764
3.44 -0.25985
3.45 -0.26202
3.46 -0.26402
3.47 -0.26577
3.48 -0.2672
3.49 -0.26831
3.5 -0.26914
3.51 -0.26973
3.52 -0.27016
3.53 -0.27046
3.54 -0.2707
3.55 -0.27091
3.56 -0.2711
3.57 -0.27131
3.58 -0.27155
3.59 -0.27185
3.6 -0.27221
3.61 -0.27267
3.62 -0.2732
3.63 -0.2738
3.64 -0.27444
3.65 -0.27507
3.66 -0.27566
3.67 -0.27616
3.68 -0.27656
3.69 -0.27683
3.7 -0.27697
3.71 -0.27698
3.72 -0.27685
3.73 -0.27658
3.74 -0.27616
3.75 -0.27561
3.76 -0.27495
3.77 -0.2742
3.78 -0.27339
3.79 -0.27252
3.8 -0.27162
3.81 -0.27069
3.82 -0.26975
3.83 -0.2688
3.84 -0.26785
3.85 -0.26694
3.86 -0.26606
3.87 -0.26524
3.88 -0.26448
3.89 -0.2638
3.9 -0.26321
3.91 -0.26272
3.92 -0.26232
3.93 -0.26203
3.94 -0.26186
3.95 -0.26182
3.96 -0.26193
3.97 -0.26221
3.98 -0.26264
3.99 -0.26318
4 -0.26378
4.01 -0.26437
