0 1.1215
0.01 1.1215
0.02 1.1215
0.03 1.1215
0.04 1.1215
0.05 1.1215
0.06 1.1215
0.07 1.1214
0.08 1.1214
0.09 1.1214
0.1 1.1213
0.11 1.1213
0.12 1.1213
0.13 1.1213
0.14 1.1214
0.15 1.1214
0.16 1.1215
0.17 1.1216
0.18 1.1217
0.19 1.1218
0.2 1.1218
0.21 1.1219
0.22 1.122
0.23 1.122
0.24 1.122
0.25 1.122
0.26 1.122
0.27 1.122
0.28 1.1219
0.29 1.1219
0.3 1.1218
0.31 1.1218
0.32 1.1218
0.33 1.1217
0.34 1.1217
0.35 1.1216
0.36 1.1216
0.37 1.1215
0.38 1.1215
0.39 1.1215
0.4 1.1214
0.41 1.1214
0.42 1.1214
0.43 1.1214
0.44 1.1215
0.45 1.1215
0.46 1.1216
0.47 1.1218
0.48 1.1219
0.49 1.1221
0.5 1.1223
0.51 1.1225
0.52 1.1228
0.53 1.123
0.54 1.1233
0.55 1.1235
0.56 1.1238
0.57 1.124
0.58 1.1242
0.59 1.1244
0.6 1.1246
0.61 1.1248
0.62 1.1249
0.63 1.1251
0.64 1.1252
0.65 1.1253
0.66 1.1254
0.67 1.1256
0.68 1.1257
0.69 1.1258
0.7 1.1258
0.71 1.1259
0.72 1.1259
0.73 1.1259
0.74 1.1258
0.75 1.1257
0.76 1.1256
0.77 1.1254
0.78 1.1251
0.79 1.1248
0.8 1.1244
0.81 1.1239
0.82 1.1233
0.83 1.1226
0.84 1.1218
0.85 1.1209
0.86 1.1198
0.87 1.1186
0.88 1.1172
0.89 1.1157
0.9 1.114
0.91 1.1121
0.92 1.11
0.93 1.1076
0.94 1.105
0.95 1.1022
0.96 1.0991
0.97 1.0958
0.98 1.0922
0.99 1.0885
1 1.0845
1.01 1.0803
1.02 1.0759
1.03 1.0713
1.04 1.0665
1.05 1.0616
1.06 1.0565
1.07 1.0513
1.08 1.0459
1.09 1.0404
1.1 1.0347
1.11 1.0289
1.12 1.0229
1.13 1.0168
1.14 1.0105
1.15 1.004
1.16 0.99733
1.17 0.99051
1.18 0.98352
1.19 0.97637
1.2 0.96908
1.21 0.96167
1.22 0.95413
1.23 0.94648
1.24 0.93871
1.25 0.93083
1.26 0.92284
1.27 0.91475
1.28 0.90656
1.29 0.89831
1.3 0.89
1.31 0.88167
1.32 0.87334
1.33 0.86502
1.34 0.85673
1.35 0.84851
1.36 0.84038
1.37 0.83237
1.38 0.8245
1.39 0.81679
1.4 0.80925
1.41 0.8019
1.42 0.79476
1.43 0.78781
1.44 0.78107
1.45 0.77454
1.46 0.76822
1.47 0.76211
1.48 0.7562
1.49 0.7505
1.5 0.74501
1.51 0.73972
1.52 0.73465
1.53 0.7298
1.54 0.72518
1.55 0.72077
1.56 0.7166
1.57 0.71264
1.58 0.70892
1.59 0.70543
1.6 0.7022
1.61 0.69925
1.62 0.69661
1.63 0.69433
1.64 0.69247
1.65 0.69108
1.66 0.69022
1.67 0.68994
1.68 0.69031
1.69 0.69136
1.7 0.69312
1.71 0.69563
1.72 0.6989
1.73 0.70294
1.74 0.70771
1.75 0.71321
1.76 0.7194
1.77 0.72623
1.78 0.73367
1.79 0.74168
1.8 0.75022
1.81 0.75927
1.82 0.76881
1.83 0.77884
1.84 0.78937
1.85 0.8004
1.86 0.81196
1.87 0.82409
1.88 0.83682
1.89 0.85017
1.9 0.8642
1.91 0.87892
1.92 0.89437
1.93 0.91056
1.94 0.92751
1.95 0.94521
1.96 0.96366
1.97 0.98279
1.98 1.0025
1.99 1.0227
2 1.0432
2.01 1.0638
2.02 1.0843
2.03 1.1042
2.04 1.1234
2.05 1.1416
2.06 1.1585
2.07 1.174
2.08 1.1882
2.09 1.201
2.1 1.2127
2.11 1.2233
2.12 1.2331
2.13 1.2421
2.14 1.2504
2.15 1.258
2.16 1.2649
2.17 1.271
2.18 1.2762
2.19 1.2804
2.2 1.2836
2.21 1.2857
2.22 1.2867
2.23 1.2865
2.24 1.2851
2.25 1.2825
2.26 1.2787
2.27 1.2737
2.28 1.2675
2.29 1.2602
2.3 1.2519
2.31 1.2426
2.32 1.2323
2.33 1.221
2.34 1.2088
2.35 1.1956
2.36 1.1814
2.37 1.1663
2.38 1.15
2.39 1.1328
2.4 1.1146
2.41 1.0955
2.42 1.0759
2.43 1.056
2.44 1.0361
2.45 1.0167
2.46 0.99815
2.47 0.98089
2.48 0.96522
2.49 0.95135
2.5 0.93941
2.51 0.92939
2.52 0.92125
2.53 0.91484
2.54 0.91003
2.55 0.90667
2.56 0.90467
2.57 0.90396
2.58 0.90451
2.59 0.90632
2.6 0.90935
2.61 0.91356
2.62 0.91886
2.63 0.92515
2.64 0.93231
2.65 0.9402
2.66 0.94871
2.67 0.95775
2.68 0.96722
2.69 0.97705
2.7 0.98716
2.71 0.99747
2.72 1.0079
2.73 1.0184
2.74 1.0288
2.75 1.0391
2.76 1.0492
2.77 1.059
2.78 1.0684
2.79 1.0773
2.8 1.0858
2.81 1.0936
2.82 1.1008
2.83 1.1073
2.84 1.113
2.85 1.118
2.86 1.1222
2.87 1.1256
2.88 1.1283
2.89 1.1303
2.9 1.1316
2.91 1.1322
2.92 1.1323
2.93 1.132
2.94 1.1312
2.95 1.1302
2.96 1.1289
2.97 1.1275
2.98 1.126
2.99 1.1246
3 1.1233
3.01 1.1222
3.02 1.1213
3.03 1.1205
3.04 1.1199
3.05 1.1196
3.06 1.1194
3.07 1.1193
3.08 1.1193
3.09 1.1194
3.1 1.1196
3.11 1.1197
3.12 1.1199
3.13 1.12
3.14 1.1201
3.15 1.1201
3.16 1.1201
3.17 1.12
3.18 1.1198
3.19 1.1196
3.2 1.1193
3.21 1.119
3.22 1.1186
3.23 1.1182
3.24 1.1178
3.25 1.1174
3.26 1.1169
3.27 1.1166
3.28 1.1162
3.29 1.1159
3.3 1.1157
3.31 1.1155
3.32 1.1153
3.33 1.1152
3.34 1.1151
3.35 1.115
3.36 1.1149
3.37 1.1149
3.38 1.1148
3.39 1.1147
3.4 1.1146
3.41 1.1145
3.42 1.1145
3.43 1.1144
3.44 1.1143
3.45 1.1141
3.46 1.114
3.47 1.114
3.48 1.1139
3.49 1.1138
3.5 1.1138
3.51 1.1138
3.52 1.1138
3.53 1.1138
3.54 1.1138
3.55 1.1138
3.56 1.1139
3.57 1.1139
3.58 1.114
3.59 1.114
3.6 1.1141
3.61 1.1142
3.62 1.1142
3.63 1.1143
3.64 1.1144
3.65 1.1144
3.66 1.1145
3.67 1.1146
3.68 1.1146
3.69 1.1146
3.7 1.1146
3.71 1.1146
3.72 1.1146
3.73 1.1146
3.74 1.1146
3.75 1.1146
3.76 1.1146
3.77 1.1146
3.78 1.1147
3.79 1.1147
3.8 1.1147
3.81 1.1148
3.82 1.1148
3.83 1.1148
3.84 1.1148
3.85 1.1148
3.86 1.1148
3.87 1.1148
3.88 1.1148
3.89 1.1147
3.9 1.1147
3.91 1.1146
3.92 1.1146
3.93 1.1145
3.94 1.1144
3.95 1.1143
3.96 1.1143
3.97 1.1142
3.98 1.1141
3.99 1.114
4 1.1139
4.01 1.1138
