0 -0.15361
0.01 -0.15377
0.02 -0.15402
0.03 -0.1544
0.04 -0.15498
0.05 -0.15578
0.06 -0.15682
0.07 -0.1581
0.08 -0.15961
0.09 -0.16133
0.1 -0.16323
0.11 -0.16526
0.12 -0.16738
0.13 -0.16955
0.14 -0.17169
0.15 -0.17376
0.16 -0.1757
0.17 -0.17747
0.18 -0.17903
0.19 -0.18035
0.2 -0.18142
0.21 -0.18223
0.22 -0.18277
0.23 -0.18303
0.24 -0.183
0.25 -0.18268
0.26 -0.18207
0.27 -0.18116
0.28 -0.17998
0.29 -0.17857
0.3 -0.17697
0.31 -0.17522
0.32 -0.17339
0.33 -0.17151
0.34 -0.16964
0.35 -0.16781
0.36 -0.16602
0.37 -0.16426
0.38 -0.16247
0.39 -0.16058
0.4 -0.15846
0.41 -0.15598
0.42 -0.153
0.43 -0.14939
0.44 -0.14503
0.45 -0.13986
0.46 -0.13382
0.47 -0.1269
0.48 -0.11909
0.49 -0.11041
0.5 -0.10087
0.51 -0.090526
0.52 -0.079423
0.53 -0.067638
0.54 -0.055272
0.55 -0.042448
0.56 -0.029291
0.57 -0.015914
0.58 -0.0024134
0.59 0.011125
0.6 0.024629
0.61 0.038034
0.62 0.051286
0.63 0.064339
0.64 0.077154
0.65 0.089695
0.66 0.10193
0.67 0.11381
0.68 0.1253
0.69 0.13635
0.7 0.14693
0.71 0.15696
0.72 0.1664
0.73 0.17518
0.74 0.18325
0.75 0.19054
0.76 0.19697
0.77 0.20244
0.78 0.20684
0.79 0.21008
0.8 0.21207
0.81 0.21276
0.82 0.2121
0.83 0.21012
0.84 0.20685
0.85 0.20237
0.86 0.19676
0.87 0.19011
0.88 0.18251
0.89 0.17401
0.9 0.16468
0.91 0.15456
0.92 0.14372
0.93 0.13222
0.94 0.12016
0.95 0.1076
0.96 0.094612
0.97 0.081227
0.98 0.067453
0.99 0.053282
1 0.038708
1.01 0.023739
1.02 0.0083968
1.03 -0.0072911
1.04 -0.023301
1.05 -0.039615
1.06 -0.056219
1.07 -0.073098
1.08 -0.090229
1.09 -0.10757
1.1 -0.12507
1.11 -0.14267
1.12 -0.16031
1.13 -0.17797
1.14 -0.19562
1.15 -0.21328
1.16 -0.23096
1.17 -0.24864
1.18 -0.26631
1.19 -0.28393
1.2 -0.30149
1.21 -0.31898
1.22 -0.3364
1.23 -0.35379
1.24 -0.3712
1.25 -0.38869
1.26 -0.40634
1.27 -0.42418
1.28 -0.44222
1.29 -0.46043
1.3 -0.47875
1.31 -0.49712
1.32 -0.51546
1.33 -0.53366
1.34 -0.55161
1.35 -0.56916
1.36 -0.58616
1.37 -0.60247
1.38 -0.61796
1.39 -0.6325
1.4 -0.64602
1.41 -0.65844
1.42 -0.6697
1.43 -0.67973
1.44 -0.68844
1.45 -0.69578
1.46 -0.70167
1.47 -0.70605
1.48 -0.70887
1.49 -0.7101
1.5 -0.70972
1.51 -0.70771
1.52 -0.70404
1.53 -0.69873
1.54 -0.69178
1.55 -0.68325
1.56 -0.67317
1.57 -0.6616
1.58 -0.64854
1.59 -0.63392
1.6 -0.61764
1.61 -0.59953
1.62 -0.57941
1.63 -0.55713
1.64 -0.53259
1.65 -0.50579
1.66 -0.47678
1.67 -0.44569
1.68 -0.41265
1.69 -0.37777
1.7 -0.3411
1.71 -0.3026
1.72 -0.26224
1.73 -0.22002
1.74 -0.176
1.75 -0.1303
1.76 -0.083034
1.77 -0.034254
1.78 0.016067
1.79 0.068087
1.8 0.1221
1.81 0.17852
1.82 0.23792
1.83 0.30093
1.84 0.36823
1.85 0.44051
1.86 0.51851
1.87 0.60309
1.88 0.69519
1.89 0.79588
1.9 0.90614
1.91 1.0265
1.92 1.1562
1.93 1.2927
1.94 1.431
1.95 1.5641
1.96 1.684
1.97 1.7838
1.98 1.8585
1.99 1.9052
2 1.9227
2.01 1.9113
2.02 1.8722
2.03 1.8082
2.04 1.723
2.05 1.6215
2.06 1.5094
2.07 1.3925
2.08 1.2761
2.09 1.1643
2.1 1.06
2.11 0.96489
2.12 0.87971
2.13 0.80467
2.14 0.7397
2.15 0.68457
2.16 0.63894
2.17 0.60231
2.18 0.57399
2.19 0.55309
2.2 0.53853
2.21 0.52896
2.22 0.52284
2.23 0.51838
2.24 0.51373
2.25 0.50712
2.26 0.49707
2.27 0.48262
2.28 0.46339
2.29 0.43955
2.3 0.41168
2.31 0.38063
2.32 0.34735
2.33 0.31275
2.34 0.27768
2.35 0.24285
2.36 0.20886
2.37 0.1762
2.38 0.14522
2.39 0.1162
2.4 0.089285
2.41 0.064603
2.42 0.042224
2.43 0.022219
2.44 0.004686
2.45 -0.010244
2.46 -0.022417
2.47 -0.031695
2.48 -0.038015
2.49 -0.041438
2.5 -0.042158
2.51 -0.040451
2.52 -0.036604
2.53 -0.030884
2.54 -0.023526
2.55 -0.014769
2.56 -0.004889
2.57 0.0057685
2.58 0.016797
2.59 0.027771
2.6 0.038306
2.61 0.048125
2.62 0.05708
2.63 0.065156
2.64 0.072409
2.65 0.078904
2.66 0.084663
2.67 0.089667
2.68 0.093876
2.69 0.097271
2.7 0.099869
2.71 0.10172
2.72 0.10287
2.73 0.10337
2.74 0.10322
2.75 0.10244
2.76 0.10099
2.77 0.098798
2.78 0.095787
2.79 0.091857
2.8 0.086937
2.81 0.080987
2.82 0.073998
2.83 0.065992
2.84 0.057017
2.85 0.047139
2.86 0.036443
2.87 0.025033
2.88 0.013023
2.89 0.00053739
2.9 -0.0123
2.91 -0.025376
2.92 -0.038581
2.93 -0.051808
2.94 -0.064955
2.95 -0.077927
2.96 -0.090639
2.97 -0.10301
2.98 -0.11499
2.99 -0.12653
3 -0.13761
3.01 -0.14822
3.02 -0.15837
3.03 -0.16806
3.04 -0.1773
3.05 -0.18608
3.06 -0.1944
3.07 -0.20227
3.08 -0.20968
3.09 -0.21667
3.1 -0.22325
3.11 -0.22947
3.12 -0.23536
3.13 -0.24095
3.14 -0.24625
3.15 -0.25124
3.16 -0.2559
3.17 -0.26019
3.18 -0.26407
3.19 -0.26753
3.2 -0.27058
3.21 -0.27323
3.22 -0.27547
3.23 -0.27732
3.24 -0.27879
3.25 -0.27987
3.26 -0.28059
3.27 -0.28095
3.28 -0.28098
3.29 -0.2807
3.3 -0.28014
3.31 -0.27931
3.32 -0.2782
3.33 -0.27682
3.34 -0.27515
3.35 -0.27319
3.36 -0.27092
3.37 -0.26833
3.38 -0.2654
3.39 -0.26211
3.4 -0.25847
3.41 -0.25448
3.42 -0.25019
3.43 -0.24564
3.44 -0.24089
3.45 -0.236
3.46 -0.23103
3.47 -0.22601
3.48 -0.22099
3.49 -0.21599
3.5 -0.21104
3.51 -0.20615
3.52 -0.20132
3.53 -0.19654
3.54 -0.19182
3.55 -0.18713
3.56 -0.18248
3.57 -0.17786
3.58 -0.17328
3.59 -0.16873
3.6 -0.1642
3.61 -0.15969
3.62 -0.15521
3.63 -0.15076
3.64 -0.14636
3.65 -0.14203
3.66 -0.13779
3.67 -0.13365
3.68 -0.12962
3.69 -0.1257
3.7 -0.12193
3.71 -0.11833
3.72 -0.11494
3.73 -0.11178
3.74 -0.10892
3.75 -0.10636
3.76 -0.10413
3.77 -0.10223
3.78 -0.10064
3.79 -0.099358
3.8 -0.09837
3.81 -0.097667
3.82 -0.097241
3.83 -0.097082
3.84 -0.09718
3.85 -0.097514
3.86 -0.098063
3.87 -0.098807
3.88 -0.099731
3.89 -0.10082
3.9 -0.10207
3.91 -0.10345
3.92 -0.10496
3.93 -0.10658
3.94 -0.10829
3.95 -0.11009
3.96 -0.11195
3.97 -0.11385
3.98 -0.11575
3.99 -0.11763
4 -0.11944
4.01 -0.12114
