0 0.69938
0.01 0.69498
0.02 0.69048
0.03 0.68591
0.04 0.68134
0.05 0.67694
0.06 0.67288
0.07 0.66931
0.08 0.66627
0.09 0.66373
0.1 0.66162
0.11 0.65983
0.12 0.65829
0.13 0.65696
0.14 0.65584
0.15 0.65495
0.16 0.65427
0.17 0.65374
0.18 0.65329
0.19 0.65282
0.2 0.65225
0.21 0.65152
0.22 0.65057
0.23 0.64936
0.24 0.64786
0.25 0.64605
0.26 0.64393
0.27 0.64148
0.28 0.63875
0.29 0.63581
0.3 0.63283
0.31 0.62999
0.32 0.62753
0.33 0.62566
0.34 0.62456
0.35 0.62435
0.36 0.62514
0.37 0.62703
0.38 0.63012
0.39 0.63447
0.4 0.64008
0.41 0.64681
0.42 0.65446
0.43 0.6627
0.44 0.67117
0.45 0.67946
0.46 0.68715
0.47 0.6939
0.48 0.69945
0.49 0.7037
0.5 0.70662
0.51 0.70818
0.52 0.70836
0.53 0.70714
0.54 0.70448
0.55 0.70046
0.56 0.69524
0.57 0.68915
0.58 0.68256
0.59 0.67591
0.6 0.66961
0.61 0.66392
0.62 0.65895
0.63 0.65459
0.64 0.65063
0.65 0.6468
0.66 0.64283
0.67 0.63844
0.68 0.63342
0.69 0.62762
0.7 0.621
0.71 0.61361
0.72 0.60556
0.73 0.59701
0.74 0.58808
0.75 0.57879
0.76 0.56908
0.77 0.55888
0.78 0.54808
0.79 0.53663
0.8 0.52454
0.81 0.51197
0.82 0.49919
0.83 0.48654
0.84 0.47432
0.85 0.46273
0.86 0.45182
0.87 0.4415
0.88 0.43158
0.89 0.42183
0.9 0.41209
0.91 0.40227
0.92 0.39233
0.93 0.38227
0.94 0.37207
0.95 0.36167
0.96 0.35105
0.97 0.34012
0.98 0.32888
0.99 0.31738
1 0.30578
1.01 0.29431
1.02 0.2832
1.03 0.27261
1.04 0.26262
1.05 0.25317
1.06 0.24419
1.07 0.23559
1.08 0.22734
1.09 0.21947
1.1 0.21199
1.11 0.20487
1.12 0.19801
1.13 0.19127
1.14 0.18455
1.15 0.17782
1.16 0.17113
1.17 0.16453
1.18 0.15807
1.19 0.15171
1.2 0.14544
1.21 0.13928
1.22 0.1333
1.23 0.12763
1.24 0.12235
1.25 0.1175
1.26 0.11306
1.27 0.10892
1.28 0.105
1.29 0.10125
1.3 0.097613
1.31 0.094081
1.32 0.090664
1.33 0.087409
1.34 0.08439
1.35 0.081651
1.36 0.079152
1.37 0.076786
1.38 0.074486
1.39 0.072317
1.4 0.070472
1.41 0.06918
1.42 0.068608
1.43 0.068788
1.44 0.069583
1.45 0.070736
1.46 0.071947
1.47 0.072917
1.48 0.073343
1.49 0.072919
1.5 0.071354
1.51 0.068425
1.52 0.064061
1.53 0.058424
1.54 0.051896
1.55 0.044987
1.56 0.038206
1.57 0.031943
1.58 0.026372
1.59 0.021431
1.6 0.016894
1.61 0.012484
1.62 0.0079414
1.63 0.0030567
1.64 -0.0022886
1.65 -0.0080745
1.66 -0.014104
1.67 -0.019968
1.68 -0.025027
1.69 -0.028397
1.7 -0.028964
1.71 -0.025477
1.72 -0.016657
1.73 -0.0012495
1.74 0.021905
1.75 0.053676
1.76 0.094438
1.77 0.14398
1.78 0.20154
1.79 0.26589
1.8 0.33531
1.81 0.40762
1.82 0.48025
1.83 0.55078
1.84 0.61742
1.85 0.67904
1.86 0.73498
1.87 0.78484
1.88 0.82836
1.89 0.86537
1.9 0.89566
1.91 0.91903
1.92 0.93565
1.93 0.94625
1.94 0.95214
1.95 0.95502
1.96 0.95684
1.97 0.95982
1.98 0.96621
1.99 0.97802
2 0.99681
2.01 1.0236
2.02 1.0587
2.03 1.102
2.04 1.1526
2.05 1.209
2.06 1.2692
2.07 1.331
2.08 1.3918
2.09 1.4485
2.1 1.4976
2.11 1.5353
2.12 1.5585
2.13 1.5645
2.14 1.5523
2.15 1.5217
2.16 1.4738
2.17 1.4101
2.18 1.3323
2.19 1.2424
2.2 1.142
2.21 1.0332
2.22 0.91809
2.23 0.79938
2.24 0.68015
2.25 0.56373
2.26 0.45334
2.27 0.35166
2.28 0.26055
2.29 0.181
2.3 0.11323
2.31 0.056787
2.32 0.010835
2.33 -0.025662
2.34 -0.053766
2.35 -0.074556
2.36 -0.089173
2.37 -0.098833
2.38 -0.10475
2.39 -0.10799
2.4 -0.10929
2.41 -0.10898
2.42 -0.10702
2.43 -0.10305
2.44 -0.096544
2.45 -0.086913
2.46 -0.073593
2.47 -0.056174
2.48 -0.034572
2.49 -0.0091469
2.5 0.019328
2.51 0.049849
2.52 0.081415
2.53 0.1132
2.54 0.14464
2.55 0.17535
2.56 0.20509
2.57 0.23378
2.58 0.26164
2.59 0.28907
2.6 0.31653
2.61 0.34422
2.62 0.37203
2.63 0.39952
2.64 0.42606
2.65 0.45093
2.66 0.4735
2.67 0.49317
2.68 0.50939
2.69 0.52169
2.7 0.5298
2.71 0.53373
2.72 0.53386
2.73 0.53075
2.74 0.52512
2.75 0.51769
2.76 0.50912
2.77 0.49985
2.78 0.49008
2.79 0.47984
2.8 0.46909
2.81 0.45784
2.82 0.44622
2.83 0.43435
2.84 0.42234
2.85 0.41024
2.86 0.39822
2.87 0.38649
2.88 0.37526
2.89 0.36473
2.9 0.35504
2.91 0.34632
2.92 0.33863
2.93 0.33197
2.94 0.32633
2.95 0.32164
2.96 0.31784
2.97 0.31484
2.98 0.31258
2.99 0.31098
3 0.31001
3.01 0.30955
3.02 0.30951
3.03 0.30976
3.04 0.31019
3.05 0.3107
3.06 0.31124
3.07 0.31178
3.08 0.31228
3.09 0.31267
3.1 0.31282
3.11 0.31265
3.12 0.31206
3.13 0.31101
3.14 0.30946
3.15 0.30742
3.16 0.30493
3.17 0.3021
3.18 0.29905
3.19 0.29593
3.2 0.29278
3.21 0.28952
3.22 0.28597
3.23 0.28192
3.24 0.27714
3.25 0.27148
3.26 0.26492
3.27 0.25756
3.28 0.24959
3.29 0.24122
3.3 0.23268
3.31 0.22424
3.32 0.21617
3.33 0.20868
3.34 0.20194
3.35 0.19606
3.36 0.19112
3.37 0.18712
3.38 0.18398
3.39 0.18157
3.4 0.1797
3.41 0.1782
3.42 0.17697
3.43 0.17596
3.44 0.17521
3.45 0.17478
3.46 0.17472
3.47 0.17509
3.48 0.17588
3.49 0.17709
3.5 0.1787
3.51 0.18072
3.52 0.18316
3.53 0.186
3.54 0.18923
3.55 0.19279
3.56 0.19665
3.57 0.20074
3.58 0.20501
3.59 0.20936
3.6 0.21371
3.61 0.21804
3.62 0.22235
3.63 0.22666
3.64 0.23097
3.65 0.23525
3.66 0.23944
3.67 0.24347
3.68 0.24727
3.69 0.25083
3.7 0.25416
3.71 0.25728
3.72 0.2602
3.73 0.26296
3.74 0.2656
3.75 0.26817
3.76 0.27071
3.77 0.2732
3.78 0.27565
3.79 0.27804
3.8 0.28036
3.81 0.28259
3.82 0.28468
3.83 0.28662
3.84 0.28837
3.85 0.28988
3.86 0.29108
3.87 0.29192
3.88 0.29237
3.89 0.29245
3.9 0.29218
3.91 0.29157
3.92 0.29063
3.93 0.2894
3.94 0.28794
3.95 0.28633
3.96 0.28465
3.97 0.28294
3.98 0.28121
3.99 0.27948
4 0.27775
4.01 0.27608
