0 1.0198
0.01 1.02
0.02 1.0205
0.03 1.0215
0.04 1.023
0.05 1.0254
0.06 1.0285
0.07 1.0325
0.08 1.0371
0.09 1.0423
0.1 1.0478
0.11 1.0535
0.12 1.0593
0.13 1.0649
0.14 1.0702
0.15 1.0751
0.16 1.0794
0.17 1.0833
0.18 1.0865
0.19 1.0891
0.2 1.091
0.21 1.0923
0.22 1.0928
0.23 1.0926
0.24 1.0916
0.25 1.0897
0.26 1.087
0.27 1.0834
0.28 1.0793
0.29 1.0746
0.3 1.0696
0.31 1.0647
0.32 1.0599
0.33 1.0556
0.34 1.052
0.35 1.0494
0.36 1.0478
0.37 1.0474
0.38 1.0482
0.39 1.0501
0.4 1.0529
0.41 1.0564
0.42 1.0605
0.43 1.0647
0.44 1.0689
0.45 1.0731
0.46 1.0773
0.47 1.0815
0.48 1.0857
0.49 1.0901
0.5 1.0945
0.51 1.0987
0.52 1.1024
0.53 1.1055
0.54 1.1076
0.55 1.1083
0.56 1.1075
0.57 1.1048
0.58 1.1
0.59 1.0931
0.6 1.0839
0.61 1.0723
0.62 1.0583
0.63 1.0419
0.64 1.0231
0.65 1.0019
0.66 0.97851
0.67 0.95299
0.68 0.92551
0.69 0.89629
0.7 0.8656
0.71 0.83377
0.72 0.80114
0.73 0.76809
0.74 0.73499
0.75 0.7022
0.76 0.6701
0.77 0.63905
0.78 0.60943
0.79 0.58158
0.8 0.55582
0.81 0.53232
0.82 0.51117
0.83 0.49228
0.84 0.47545
0.85 0.46044
0.86 0.44695
0.87 0.43473
0.88 0.42358
0.89 0.41336
0.9 0.40398
0.91 0.39539
0.92 0.3875
0.93 0.38017
0.94 0.3732
0.95 0.36635
0.96 0.35942
0.97 0.35231
0.98 0.34503
0.99 0.33764
1 0.33017
1.01 0.32262
1.02 0.31492
1.03 0.30698
1.04 0.29875
1.05 0.29021
1.06 0.28138
1.07 0.2723
1.08 0.26295
1.09 0.25331
1.1 0.24328
1.11 0.23276
1.12 0.22169
1.13 0.21008
1.14 0.19799
1.15 0.18552
1.16 0.1728
1.17 0.15994
1.18 0.14702
1.19 0.13407
1.2 0.12116
1.21 0.10834
1.22 0.095713
1.23 0.083337
1.24 0.07129
1.25 0.059659
1.26 0.048526
1.27 0.037937
1.28 0.027895
1.29 0.018353
1.3 0.0092452
1.31 0.00051435
1.32 -0.0078824
1.33 -0.015992
1.34 -0.023858
1.35 -0.031504
1.36 -0.038935
1.37 -0.046145
1.38 -0.053113
1.39 -0.059781
1.4 -0.066071
1.41 -0.071907
1.42 -0.07724
1.43 -0.08206
1.44 -0.086384
1.45 -0.090221
1.46 -0.093537
1.47 -0.096246
1.48 -0.098227
1.49 -0.099359
1.5 -0.099531
1.51 -0.098621
1.52 -0.096478
1.53 -0.092901
1.54 -0.087656
1.55 -0.080505
1.56 -0.071227
1.57 -0.059631
1.58 -0.045606
1.59 -0.029193
1.6 -0.010621
1.61 0.0097251
1.62 0.031425
1.63 0.054174
1.64 0.077917
1.65 0.10292
1.66 0.12972
1.67 0.15906
1.68 0.19166
1.69 0.22808
1.7 0.26854
1.71 0.31296
1.72 0.36103
1.73 0.41244
1.74 0.46699
1.75 0.52461
1.76 0.58537
1.77 0.64933
1.78 0.71646
1.79 0.78652
1.8 0.85879
1.81 0.9319
1.82 1.0039
1.83 1.0724
1.84 1.1352
1.85 1.19
1.86 1.2349
1.87 1.2681
1.88 1.2878
1.89 1.2923
1.9 1.2801
1.91 1.2504
1.92 1.2035
1.93 1.1419
1.94 1.0704
1.95 0.99594
1.96 0.92664
1.97 0.8696
1.98 0.83007
1.99 0.81126
2 0.81482
2.01 0.84114
2.02 0.88936
2.03 0.95731
2.04 1.0414
2.05 1.1369
2.06 1.2378
2.07 1.338
2.08 1.4314
2.09 1.5131
2.1 1.5794
2.11 1.6276
2.12 1.6565
2.13 1.6655
2.14 1.6547
2.15 1.6242
2.16 1.575
2.17 1.5079
2.18 1.4245
2.19 1.3266
2.2 1.2168
2.21 1.0985
2.22 0.97596
2.23 0.85377
2.24 0.73653
2.25 0.62814
2.26 0.53138
2.27 0.44772
2.28 0.37738
2.29 0.3195
2.3 0.27241
2.31 0.23394
2.32 0.20178
2.33 0.17377
2.34 0.1482
2.35 0.12392
2.36 0.10033
2.37 0.077286
2.38 0.055013
2.39 0.034053
2.4 0.015183
2.41 -0.00069306
2.42 -0.01269
2.43 -0.020099
2.44 -0.022533
2.45 -0.020021
2.46 -0.013013
2.47 -0.0023042
2.48 0.011097
2.49 0.026132
2.5 0.04187
2.51 0.057608
2.52 0.072889
2.53 0.087494
2.54 0.10141
2.55 0.11477
2.56 0.12782
2.57 0.1409
2.58 0.15438
2.59 0.16858
2.6 0.18362
2.61 0.19937
2.62 0.21544
2.63 0.23121
2.64 0.24604
2.65 0.25937
2.66 0.27083
2.67 0.28028
2.68 0.2877
2.69 0.29319
2.7 0.29693
2.71 0.29918
2.72 0.30027
2.73 0.30052
2.74 0.30024
2.75 0.29962
2.76 0.29881
2.77 0.2979
2.78 0.29696
2.79 0.29603
2.8 0.29507
2.81 0.29404
2.82 0.29289
2.83 0.29162
2.84 0.29025
2.85 0.28888
2.86 0.28757
2.87 0.28636
2.88 0.28531
2.89 0.28443
2.9 0.28379
2.91 0.28346
2.92 0.28348
2.93 0.28387
2.94 0.28457
2.95 0.28549
2.96 0.28649
2.97 0.28742
2.98 0.28812
2.99 0.28843
3 0.28819
3.01 0.28727
3.02 0.28556
3.03 0.28301
3.04 0.27961
3.05 0.27539
3.06 0.27042
3.07 0.26481
3.08 0.25869
3.09 0.25227
3.1 0.24575
3.11 0.23936
3.12 0.23334
3.13 0.22786
3.14 0.22303
3.15 0.21885
3.16 0.21526
3.17 0.21213
3.18 0.20938
3.19 0.20695
3.2 0.20482
3.21 0.20297
3.22 0.20139
3.23 0.20003
3.24 0.19885
3.25 0.1978
3.26 0.19686
3.27 0.19602
3.28 0.19527
3.29 0.19466
3.3 0.1942
3.31 0.19394
3.32 0.1939
3.33 0.19409
3.34 0.1945
3.35 0.19513
3.36 0.19597
3.37 0.197
3.38 0.19819
3.39 0.19949
3.4 0.20088
3.41 0.20239
3.42 0.20406
3.43 0.20596
3.44 0.20816
3.45 0.21078
3.46 0.21387
3.47 0.21749
3.48 0.22164
3.49 0.22629
3.5 0.2314
3.51 0.2369
3.52 0.24267
3.53 0.24861
3.54 0.2546
3.55 0.26053
3.56 0.26631
3.57 0.27188
3.58 0.27717
3.59 0.28212
3.6 0.28668
3.61 0.29084
3.62 0.29461
3.63 0.29803
3.64 0.30113
3.65 0.30394
3.66 0.30646
3.67 0.30867
3.68 0.31054
3.69 0.31208
3.7 0.3133
3.71 0.31425
3.72 0.31501
3.73 0.31565
3.74 0.31626
3.75 0.3169
3.76 0.31759
3.77 0.31834
3.78 0.3191
3.79 0.31985
3.8 0.32055
3.81 0.32116
3.82 0.3217
3.83 0.32215
3.84 0.32252
3.85 0.32277
3.86 0.32287
3.87 0.3228
3.88 0.32255
3.89 0.32213
3.9 0.32155
3.91 0.32085
3.92 0.32002
3.93 0.31907
3.94 0.31799
3.95 0.31675
3.96 0.31533
3.97 0.31371
3.98 0.31184
3.99 0.30975
4 0.30744
4.01 0.30502
