0 -0.39985
0.01 -0.39982
0.02 -0.3998
0.03 -0.39976
0.04 -0.39971
0.05 -0.39966
0.06 -0.3996
0.07 -0.39954
0.08 -0.39948
0.09 -0.39943
0.1 -0.39938
0.11 -0.39935
0.12 -0.39934
0.13 -0.39934
0.14 -0.39936
0.15 -0.3994
0.16 -0.39946
0.17 -0.39954
0.18 -0.39963
0.19 -0.39973
0.2 -0.39985
0.21 -0.39999
0.22 -0.40013
0.23 -0.40028
0.24 -0.40043
0.25 -0.40058
0.26 -0.40073
0.27 -0.40086
0.28 -0.40099
0.29 -0.40111
0.3 -0.4012
0.31 -0.40127
0.32 -0.40132
0.33 -0.40134
0.34 -0.40134
0.35 -0.40132
0.36 -0.40129
0.37 -0.40125
0.38 -0.4012
0.39 -0.40117
0.4 -0.40115
0.41 -0.40115
0.42 -0.40119
0.43 -0.40127
0.44 -0.4014
0.45 -0.40158
0.46 -0.40181
0.47 -0.40209
0.48 -0.40243
0.49 -0.40281
0.5 -0.40323
0.51 -0.40368
0.52 -0.40416
0.53 -0.40464
0.54 -0.40512
0.55 -0.40557
0.56 -0.406
0.57 -0.40637
0.58 -0.40669
0.59 -0.40694
0.6 -0.40713
0.61 -0.40724
0.62 -0.40729
0.63 -0.40728
0.64 -0.40721
0.65 -0.40708
0.66 -0.40691
0.67 -0.40669
0.68 -0.40644
0.69 -0.40615
0.7 -0.40583
0.71 -0.40548
0.72 -0.40509
0.73 -0.40467
0.74 -0.40422
0.75 -0.40373
0.76 -0.4032
0.77 -0.40262
0.78 -0.40199
0.79 -0.40131
0.8 -0.40058
0.81 -0.39978
0.82 -0.39892
0.83 -0.398
0.84 -0.39702
0.85 -0.39597
0.86 -0.39487
0.87 -0.39372
0.88 -0.39254
0.89 -0.39132
0.9 -0.39007
0.91 -0.3888
0.92 -0.38751
0.93 -0.38621
0.94 -0.38488
0.95 -0.38353
0.96 -0.38216
0.97 -0.38077
0.98 -0.37934
0.99 -0.37788
1 -0.37639
1.01 -0.37484
1.02 -0.37324
1.03 -0.37157
1.04 -0.36984
1.05 -0.36805
1.06 -0.36619
1.07 -0.36429
1.08 -0.36234
1.09 -0.36037
1.1 -0.35839
1.11 -0.35642
1.12 -0.35445
1.13 -0.35251
1.14 -0.35059
1.15 -0.34869
1.16 -0.34682
1.17 -0.34498
1.18 -0.34317
1.19 -0.34139
1.2 -0.33962
1.21 -0.33788
1.22 -0.33616
1.23 -0.33446
1.24 -0.3328
1.25 -0.33117
1.26 -0.32959
1.27 -0.32805
1.28 -0.32656
1.29 -0.32512
1.3 -0.32373
1.31 -0.32238
1.32 -0.32106
1.33 -0.31978
1.34 -0.31852
1.35 -0.31727
1.36 -0.31603
1.37 -0.31479
1.38 -0.31354
1.39 -0.31227
1.4 -0.31099
1.41 -0.30969
1.42 -0.30837
1.43 -0.30703
1.44 -0.30567
1.45 -0.30429
1.46 -0.30288
1.47 -0.30143
1.48 -0.29994
1.49 -0.29839
1.5 -0.29676
1.51 -0.29505
1.52 -0.29325
1.53 -0.29133
1.54 -0.28929
1.55 -0.28712
1.56 -0.28483
1.57 -0.2824
1.58 -0.27983
1.59 -0.27712
1.6 -0.27424
1.61 -0.27119
1.62 -0.26797
1.63 -0.26456
1.64 -0.26095
1.65 -0.25716
1.66 -0.25317
1.67 -0.249
1.68 -0.24466
1.69 -0.24017
1.7 -0.23556
1.71 -0.23086
1.72 -0.22608
1.73 -0.22123
1.74 -0.21631
1.75 -0.21128
1.76 -0.20613
1.77 -0.20083
1.78 -0.19535
1.79 -0.18965
1.8 -0.1837
1.81 -0.17746
1.82 -0.17088
1.83 -0.16392
1.84 -0.1565
1.85 -0.14858
1.86 -0.14011
1.87 -0.13106
1.88 -0.1214
1.89 -0.11113
1.9 -0.10025
1.91 -0.088808
1.92 -0.076814
1.93 -0.0643
1.94 -0.051297
1.95 -0.037842
1.96 -0.023982
1.97 -0.0097842
1.98 0.0046573
1.99 0.019225
2 0.033787
2.01 0.048207
2.02 0.062361
2.03 0.076145
2.04 0.089492
2.05 0.10237
2.06 0.1148
2.07 0.12685
2.08 0.1386
2.09 0.15018
2.1 0.16173
2.11 0.17336
2.12 0.18517
2.13 0.19722
2.14 0.20956
2.15 0.22217
2.16 0.23506
2.17 0.24819
2.18 0.26151
2.19 0.275
2.2 0.2886
2.21 0.30231
2.22 0.3161
2.23 0.32997
2.24 0.34393
2.25 0.358
2.26 0.37219
2.27 0.38651
2.28 0.40098
2.29 0.41559
2.3 0.43033
2.31 0.44519
2.32 0.46012
2.33 0.4751
2.34 0.49011
2.35 0.50511
2.36 0.52011
2.37 0.53509
2.38 0.55002
2.39 0.56486
2.4 0.57958
2.41 0.5941
2.42 0.60839
2.43 0.62237
2.44 0.63599
2.45 0.64918
2.46 0.66187
2.47 0.67399
2.48 0.6855
2.49 0.69636
2.5 0.70659
2.51 0.7162
2.52 0.7252
2.53 0.7336
2.54 0.74141
2.55 0.74862
2.56 0.75524
2.57 0.7613
2.58 0.76681
2.59 0.77184
2.6 0.77641
2.61 0.78059
2.62 0.78442
2.63 0.78793
2.64 0.79116
2.65 0.79416
2.66 0.79696
2.67 0.79961
2.68 0.80218
2.69 0.8047
2.7 0.80719
2.71 0.80965
2.72 0.81207
2.73 0.81441
2.74 0.81666
2.75 0.81879
2.76 0.82079
2.77 0.82266
2.78 0.82441
2.79 0.82605
2.8 0.82762
2.81 0.82913
2.82 0.83061
2.83 0.83208
2.84 0.83355
2.85 0.83503
2.86 0.83652
2.87 0.83801
2.88 0.83951
2.89 0.84098
2.9 0.84244
2.91 0.84387
2.92 0.84526
2.93 0.84663
2.94 0.84797
2.95 0.84928
2.96 0.85058
2.97 0.85187
2.98 0.85317
2.99 0.85446
3 0.85577
3.01 0.85708
3.02 0.8584
3.03 0.85971
3.04 0.86101
3.05 0.86229
3.06 0.86355
3.07 0.86479
3.08 0.866
3.09 0.86718
3.1 0.86832
3.11 0.86945
3.12 0.87054
3.13 0.87161
3.14 0.87264
3.15 0.87365
3.16 0.87461
3.17 0.87553
3.18 0.8764
3.19 0.87722
3.2 0.87799
3.21 0.87871
3.22 0.87939
3.23 0.88003
3.24 0.88063
3.25 0.8812
3.26 0.88174
3.27 0.88226
3.28 0.88275
3.29 0.88323
3.3 0.88368
3.31 0.88412
3.32 0.88455
3.33 0.88495
3.34 0.88534
3.35 0.88571
3.36 0.88606
3.37 0.88638
3.38 0.88667
3.39 0.88693
3.4 0.88715
3.41 0.88732
3.42 0.88746
3.43 0.88755
3.44 0.8876
3.45 0.88761
3.46 0.88759
3.47 0.88755
3.48 0.88748
3.49 0.8874
3.5 0.88729
3.51 0.88717
3.52 0.88704
3.53 0.88689
3.54 0.88674
3.55 0.88657
3.56 0.8864
3.57 0.88623
3.58 0.88605
3.59 0.88588
3.6 0.8857
3.61 0.88552
3.62 0.88533
3.63 0.88514
3.64 0.88493
3.65 0.88471
3.66 0.88448
3.67 0.88422
3.68 0.88395
3.69 0.88366
3.7 0.88337
3.71 0.88306
3.72 0.88276
3.73 0.88246
3.74 0.88218
3.75 0.8819
3.76 0.88165
3.77 0.88141
3.78 0.88119
3.79 0.88098
3.8 0.88079
3.81 0.8806
3.82 0.88043
3.83 0.88026
3.84 0.8801
3.85 0.87994
3.86 0.87978
3.87 0.87963
3.88 0.87949
3.89 0.87936
3.9 0.87923
3.91 0.87912
3.92 0.87902
3.93 0.87893
3.94 0.87885
3.95 0.87879
3.96 0.87873
3.97 0.87869
3.98 0.87866
3.99 0.87864
4 0.87862
4.01 0.87861
