0 0.013005
0.01 0.013094
0.02 0.013168
0.03 0.013221
0.04 0.013256
0.05 0.013282
0.06 0.013312
0.07 0.013365
0.08 0.01346
0.09 0.013616
0.1 0.013843
0.11 0.014147
0.12 0.014528
0.13 0.014981
0.14 0.015499
0.15 0.016076
0.16 0.016708
0.17 0.01739
0.18 0.018117
0.19 0.018887
0.2 0.019694
0.21 0.020531
0.22 0.021388
0.23 0.022248
0.24 0.02309
0.25 0.023889
0.26 0.024615
0.27 0.025241
0.28 0.025746
0.29 0.02612
0.3 0.026358
0.31 0.026464
0.32 0.026448
0.33 0.026327
0.34 0.026126
0.35 0.025877
0.36 0.025616
0.37 0.025387
0.38 0.025235
0.39 0.025207
0.4 0.025342
0.41 0.025675
0.42 0.026232
0.43 0.027028
0.44 0.028068
0.45 0.029348
0.46 0.030851
0.47 0.032552
0.48 0.034417
0.49 0.036404
0.5 0.038469
0.51 0.040568
0.52 0.042657
0.53 0.044703
0.54 0.046677
0.55 0.048563
0.56 0.050355
0.57 0.052061
0.58 0.053704
0.59 0.055319
0.6 0.05695
0.61 0.058648
0.62 0.060466
0.63 0.06246
0.64 0.06468
0.65 0.067177
0.66 0.069996
0.67 0.073179
0.68 0.076766
0.69 0.080798
0.7 0.08532
0.71 0.090388
0.72 0.096065
0.73 0.10243
0.74 0.10955
0.75 0.1175
0.76 0.12635
0.77 0.13614
0.78 0.14689
0.79 0.15859
0.8 0.17117
0.81 0.18458
0.82 0.19871
0.83 0.21345
0.84 0.22872
0.85 0.24449
0.86 0.26075
0.87 0.27758
0.88 0.29506
0.89 0.31328
0.9 0.33231
0.91 0.35217
0.92 0.37284
0.93 0.39428
0.94 0.41642
0.95 0.43916
0.96 0.46243
0.97 0.48618
0.98 0.51035
0.99 0.53491
1 0.55981
1.01 0.585
1.02 0.61041
1.03 0.63598
1.04 0.66169
1.05 0.68751
1.06 0.71346
1.07 0.73956
1.08 0.76586
1.09 0.79237
1.1 0.8191
1.11 0.84603
1.12 0.87314
1.13 0.90041
1.14 0.92783
1.15 0.95543
1.16 0.98322
1.17 1.0112
1.18 1.0394
1.19 1.0678
1.2 1.0963
1.21 1.125
1.22 1.1537
1.23 1.1824
1.24 1.2113
1.25 1.2401
1.26 1.269
1.27 1.2978
1.28 1.3264
1.29 1.3548
1.3 1.3828
1.31 1.4104
1.32 1.4376
1.33 1.4643
1.34 1.4905
1.35 1.5163
1.36 1.5416
1.37 1.5663
1.38 1.5904
1.39 1.614
1.4 1.637
1.41 1.6596
1.42 1.6816
1.43 1.7032
1.44 1.7243
1.45 1.7449
1.46 1.765
1.47 1.7846
1.48 1.8037
1.49 1.8222
1.5 1.8401
1.51 1.8573
1.52 1.8739
1.53 1.8897
1.54 1.9046
1.55 1.9188
1.56 1.932
1.57 1.9444
1.58 1.9558
1.59 1.9663
1.6 1.9757
1.61 1.984
1.62 1.9909
1.63 1.9963
1.64 1.9999
1.65 2.0015
1.66 2.0009
1.67 1.998
1.68 1.9926
1.69 1.9848
1.7 1.9743
1.71 1.9613
1.72 1.9456
1.73 1.9276
1.74 1.9073
1.75 1.8849
1.76 1.8608
1.77 1.8353
1.78 1.8085
1.79 1.7807
1.8 1.7521
1.81 1.7229
1.82 1.6931
1.83 1.6628
1.84 1.632
1.85 1.6005
1.86 1.568
1.87 1.5345
1.88 1.4994
1.89 1.4624
1.9 1.4232
1.91 1.3812
1.92 1.336
1.93 1.2872
1.94 1.2342
1.95 1.1768
1.96 1.1146
1.97 1.0476
1.98 0.97613
1.99 0.90059
2 0.82186
2.01 0.74118
2.02 0.66016
2.03 0.58072
2.04 0.50496
2.05 0.43498
2.06 0.37267
2.07 0.31956
2.08 0.27673
2.09 0.24473
2.1 0.22358
2.11 0.21282
2.12 0.21159
2.13 0.21877
2.14 0.23311
2.15 0.25334
2.16 0.27827
2.17 0.30678
2.18 0.3379
2.19 0.37081
2.2 0.40494
2.21 0.43996
2.22 0.47569
2.23 0.51197
2.24 0.54858
2.25 0.58514
2.26 0.62111
2.27 0.65588
2.28 0.68876
2.29 0.71913
2.3 0.74645
2.31 0.7704
2.32 0.79086
2.33 0.80793
2.34 0.82202
2.35 0.83378
2.36 0.84407
2.37 0.85391
2.38 0.86429
2.39 0.87614
2.4 0.89018
2.41 0.90689
2.42 0.92644
2.43 0.94871
2.44 0.97325
2.45 0.99932
2.46 1.0259
2.47 1.052
2.48 1.0763
2.49 1.0978
2.5 1.1155
2.51 1.1289
2.52 1.1379
2.53 1.143
2.54 1.1448
2.55 1.1443
2.56 1.1422
2.57 1.1393
2.58 1.1358
2.59 1.1317
2.6 1.1269
2.61 1.1211
2.62 1.1138
2.63 1.1046
2.64 1.0932
2.65 1.0794
2.66 1.0632
2.67 1.0446
2.68 1.0239
2.69 1.0015
2.7 0.97765
2.71 0.9526
2.72 0.9265
2.73 0.89939
2.74 0.87133
2.75 0.84237
2.76 0.81264
2.77 0.78226
2.78 0.75131
2.79 0.71982
2.8 0.68775
2.81 0.65497
2.82 0.6214
2.83 0.58698
2.84 0.55174
2.85 0.5158
2.86 0.4794
2.87 0.44282
2.88 0.4064
2.89 0.37047
2.9 0.33538
2.91 0.30148
2.92 0.2691
2.93 0.2386
2.94 0.21028
2.95 0.1844
2.96 0.16119
2.97 0.14079
2.98 0.12327
2.99 0.10862
3 0.096743
3.01 0.087443
3.02 0.08044
3.03 0.075375
3.04 0.071836
3.05 0.069381
3.06 0.067582
3.07 0.066069
3.08 0.064566
3.09 0.062905
3.1 0.061029
3.11 0.058973
3.12 0.056838
3.13 0.054756
3.14 0.052862
3.15 0.051265
3.16 0.050033
3.17 0.049187
3.18 0.048705
3.19 0.048534
3.2 0.048595
3.21 0.048797
3.22 0.04904
3.23 0.049226
3.24 0.049265
3.25 0.049072
3.26 0.048582
3.27 0.047747
3.28 0.046557
3.29 0.045043
3.3 0.043272
3.31 0.041333
3.32 0.039315
3.33 0.037295
3.34 0.035322
3.35 0.033422
3.36 0.031607
3.37 0.029886
3.38 0.028279
3.39 0.026819
3.4 0.025548
3.41 0.024503
3.42 0.02371
3.43 0.023172
3.44 0.022866
3.45 0.022751
3.46 0.022775
3.47 0.022886
3.48 0.02304
3.49 0.023206
3.5 0.023367
3.51 0.023516
3.52 0.023655
3.53 0.023786
3.54 0.023913
3.55 0.024033
3.56 0.024143
3.57 0.024236
3.58 0.024313
3.59 0.024394
3.6 0.024512
3.61 0.024708
3.62 0.025021
3.63 0.025473
3.64 0.026074
3.65 0.026819
3.66 0.027688
3.67 0.028658
3.68 0.029695
3.69 0.030768
3.7 0.031842
3.71 0.032884
3.72 0.033864
3.73 0.034752
3.74 0.035524
3.75 0.036157
3.76 0.036638
3.77 0.036962
3.78 0.037129
3.79 0.037147
3.8 0.037029
3.81 0.036795
3.82 0.036468
3.83 0.036069
3.84 0.035619
3.85 0.035133
3.86 0.034621
3.87 0.034093
3.88 0.033554
3.89 0.033015
3.9 0.032489
3.91 0.031989
3.92 0.031533
3.93 0.031138
3.94 0.03082
3.95 0.030593
3.96 0.030464
3.97 0.030432
3.98 0.030484
3.99 0.0306
4 0.030753
4.01 0.030921
