0 -0.043358
0.01 -0.041778
0.02 -0.040087
0.03 -0.038223
0.04 -0.036162
0.05 -0.03392
0.06 -0.031538
0.07 -0.029066
0.08 -0.026551
0.09 -0.024029
0.1 -0.021527
0.11 -0.019069
0.12 -0.016687
0.13 -0.014423
0.14 -0.012322
0.15 -0.010419
0.16 -0.0087295
0.17 -0.0072517
0.18 -0.0059735
0.19 -0.0048775
0.2 -0.0039461
0.21 -0.0031652
0.22 -0.0025274
0.23 -0.0020346
0.24 -0.0016955
0.25 -0.0015171
0.26 -0.0015003
0.27 -0.0016449
0.28 -0.0019584
0.29 -0.0024611
0.3 -0.0031819
0.31 -0.0041506
0.32 -0.0053883
0.33 -0.0068973
0.34 -0.0086562
0.35 -0.010621
0.36 -0.012729
0.37 -0.014907
0.38 -0.017073
0.39 -0.01913
0.4 -0.020964
0.41 -0.02244
0.42 -0.023412
0.43 -0.023736
0.44 -0.023279
0.45 -0.021923
0.46 -0.01957
0.47 -0.016148
0.48 -0.011613
0.49 -0.0059727
0.5 0.00071782
0.51 0.0083607
0.52 0.016835
0.53 0.026003
0.54 0.035721
0.55 0.045839
0.56 0.056202
0.57 0.066653
0.58 0.077038
0.59 0.087217
0.6 0.097067
0.61 0.10649
0.62 0.11543
0.63 0.12389
0.64 0.13189
0.65 0.13947
0.66 0.14668
0.67 0.15359
0.68 0.16022
0.69 0.16661
0.7 0.17272
0.71 0.1785
0.72 0.18385
0.73 0.18865
0.74 0.19282
0.75 0.19628
0.76 0.19901
0.77 0.20103
0.78 0.20235
0.79 0.20301
0.8 0.20304
0.81 0.20243
0.82 0.20117
0.83 0.19921
0.84 0.19651
0.85 0.19304
0.86 0.18879
0.87 0.18379
0.88 0.17814
0.89 0.17193
0.9 0.16526
0.91 0.15821
0.92 0.15081
0.93 0.1431
0.94 0.1351
0.95 0.12683
0.96 0.1183
0.97 0.10952
0.98 0.10048
0.99 0.091117
1 0.081373
1.01 0.071169
1.02 0.060439
1.03 0.04914
1.04 0.037254
1.05 0.024794
1.06 0.011792
1.07 -0.0017058
1.08 -0.015663
1.09 -0.030048
1.1 -0.044826
1.11 -0.059938
1.12 -0.0753
1.13 -0.090809
1.14 -0.10637
1.15 -0.12192
1.16 -0.13742
1.17 -0.15285
1.18 -0.16818
1.19 -0.1834
1.2 -0.19846
1.21 -0.21338
1.22 -0.2282
1.23 -0.24299
1.24 -0.25784
1.25 -0.27283
1.26 -0.28802
1.27 -0.30346
1.28 -0.31916
1.29 -0.33511
1.3 -0.35131
1.31 -0.36773
1.32 -0.38433
1.33 -0.40108
1.34 -0.4179
1.35 -0.43472
1.36 -0.4514
1.37 -0.46776
1.38 -0.48367
1.39 -0.49901
1.4 -0.51375
1.41 -0.52787
1.42 -0.54134
1.43 -0.55412
1.44 -0.5661
1.45 -0.57715
1.46 -0.58712
1.47 -0.59582
1.48 -0.60304
1.49 -0.60856
1.5 -0.6121
1.51 -0.6134
1.52 -0.61226
1.53 -0.60855
1.54 -0.60226
1.55 -0.59348
1.56 -0.58233
1.57 -0.5689
1.58 -0.55322
1.59 -0.53518
1.6 -0.51456
1.61 -0.49108
1.62 -0.4644
1.63 -0.43417
1.64 -0.40006
1.65 -0.36183
1.66 -0.31931
1.67 -0.27247
1.68 -0.22146
1.69 -0.16663
1.7 -0.10851
1.71 -0.047781
1.72 0.014793
1.73 0.078439
1.74 0.1424
1.75 0.20603
1.76 0.26884
1.77 0.33058
1.78 0.39123
1.79 0.45102
1.8 0.51036
1.81 0.56981
1.82 0.63004
1.83 0.69167
1.84 0.75524
1.85 0.82117
1.86 0.88977
1.87 0.96129
1.88 1.0359
1.89 1.1138
1.9 1.195
1.91 1.2792
1.92 1.3658
1.93 1.4537
1.94 1.541
1.95 1.6256
1.96 1.7049
1.97 1.7759
1.98 1.8359
1.99 1.882
2 1.912
2.01 1.9244
2.02 1.9184
2.03 1.8943
2.04 1.8529
2.05 1.796
2.06 1.7255
2.07 1.6438
2.08 1.5532
2.09 1.4565
2.1 1.3562
2.11 1.255
2.12 1.1554
2.13 1.0596
2.14 0.96956
2.15 0.88663
2.16 0.81192
2.17 0.74609
2.18 0.68936
2.19 0.64155
2.2 0.60199
2.21 0.56959
2.22 0.54283
2.23 0.51986
2.24 0.49872
2.25 0.47753
2.26 0.45465
2.27 0.42884
2.28 0.39926
2.29 0.36557
2.3 0.32783
2.31 0.28651
2.32 0.24229
2.33 0.19602
2.34 0.1485
2.35 0.10049
2.36 0.052687
2.37 0.0057313
2.38 -0.039781
2.39 -0.083314
2.4 -0.12439
2.41 -0.16259
2.42 -0.19753
2.43 -0.22885
2.44 -0.25618
2.45 -0.27919
2.46 -0.29762
2.47 -0.31136
2.48 -0.32048
2.49 -0.32518
2.5 -0.32583
2.51 -0.32283
2.52 -0.31662
2.53 -0.30758
2.54 -0.29607
2.55 -0.28242
2.56 -0.26697
2.57 -0.25007
2.58 -0.23216
2.59 -0.21374
2.6 -0.19532
2.61 -0.17734
2.62 -0.1601
2.63 -0.14376
2.64 -0.12835
2.65 -0.11382
2.66 -0.10012
2.67 -0.087191
2.68 -0.074968
2.69 -0.063378
2.7 -0.052323
2.71 -0.04172
2.72 -0.031544
2.73 -0.021842
2.74 -0.012715
2.75 -0.0042829
2.76 0.0033476
2.77 0.010111
2.78 0.015994
2.79 0.021027
2.8 0.025255
2.81 0.028728
2.82 0.031504
2.83 0.033655
2.84 0.035273
2.85 0.036447
2.86 0.037245
2.87 0.037715
2.88 0.037901
2.89 0.037853
2.9 0.037623
2.91 0.037269
2.92 0.03686
2.93 0.036464
2.94 0.036136
2.95 0.035909
2.96 0.035792
2.97 0.035771
2.98 0.035799
2.99 0.035797
3 0.035684
3.01 0.03539
3.02 0.034871
3.03 0.0341
3.04 0.03307
3.05 0.031784
3.06 0.030252
3.07 0.02849
3.08 0.02653
3.09 0.024436
3.1 0.022283
3.11 0.020143
3.12 0.018069
3.13 0.016095
3.14 0.014232
3.15 0.012475
3.16 0.010804
3.17 0.0091791
3.18 0.0075406
3.19 0.0058282
3.2 0.0040122
3.21 0.0021074
3.22 0.00015816
3.23 -0.0017805
3.24 -0.0036527
3.25 -0.0054193
3.26 -0.0070781
3.27 -0.008666
3.28 -0.010239
3.29 -0.011856
3.3 -0.01358
3.31 -0.015477
3.32 -0.017599
3.33 -0.019978
3.34 -0.022618
3.35 -0.025505
3.36 -0.028606
3.37 -0.031875
3.38 -0.035248
3.39 -0.038641
3.4 -0.041962
3.41 -0.045135
3.42 -0.048109
3.43 -0.050863
3.44 -0.053412
3.45 -0.055788
3.46 -0.058027
3.47 -0.060157
3.48 -0.062192
3.49 -0.064134
3.5 -0.065978
3.51 -0.067727
3.52 -0.069391
3.53 -0.07098
3.54 -0.0725
3.55 -0.073955
3.56 -0.07534
3.57 -0.076649
3.58 -0.077861
3.59 -0.078945
3.6 -0.07987
3.61 -0.080621
3.62 -0.081201
3.63 -0.081619
3.64 -0.08188
3.65 -0.081996
3.66 -0.081972
3.67 -0.081813
3.68 -0.081533
3.69 -0.081157
3.7 -0.080716
3.71 -0.080232
3.72 -0.079724
3.73 -0.079208
3.74 -0.078708
3.75 -0.078253
3.76 -0.077861
3.77 -0.077539
3.78 -0.077289
3.79 -0.077115
3.8 -0.077019
3.81 -0.076998
3.82 -0.077049
3.83 -0.077161
3.84 -0.077319
3.85 -0.077499
3.86 -0.077665
3.87 -0.077787
3.88 -0.077849
3.89 -0.077843
3.9 -0.077761
3.91 -0.077593
3.92 -0.077332
3.93 -0.076987
3.94 -0.076585
3.95 -0.076162
3.96 -0.075746
3.97 -0.075353
3.98 -0.074989
3.99 -0.074656
4 -0.074352
4.01 -0.074076
