0 -5.9486
0.01 -5.9504
0.02 -5.952
0.03 -5.9533
0.04 -5.9542
0.05 -5.9549
0.06 -5.9554
0.07 -5.9557
0.08 -5.9559
0.09 -5.956
0.1 -5.956
0.11 -5.9561
0.12 -5.9561
0.13 -5.9562
0.14 -5.9563
0.15 -5.9564
0.16 -5.9564
0.17 -5.9565
0.18 -5.9564
0.19 -5.9562
0.2 -5.9559
0.21 -5.9555
0.22 -5.9552
0.23 -5.9549
0.24 -5.9546
0.25 -5.9544
0.26 -5.9542
0.27 -5.9538
0.28 -5.9533
0.29 -5.9527
0.3 -5.952
0.31 -5.9514
0.32 -5.9509
0.33 -5.9504
0.34 -5.9501
0.35 -5.9499
0.36 -5.9498
0.37 -5.9497
0.38 -5.9497
0.39 -5.9497
0.4 -5.9497
0.41 -5.9497
0.42 -5.9498
0.43 -5.9499
0.44 -5.9501
0.45 -5.9503
0.46 -5.9505
0.47 -5.9507
0.48 -5.9509
0.49 -5.9512
0.5 -5.9516
0.51 -5.952
0.52 -5.9522
0.53 -5.952
0.54 -5.9511
0.55 -5.9494
0.56 -5.9472
0.57 -5.9452
0.58 -5.9439
0.59 -5.9436
0.6 -5.9441
0.61 -5.9448
0.62 -5.9455
0.63 -5.946
0.64 -5.9463
0.65 -5.9464
0.66 -5.9464
0.67 -5.9462
0.68 -5.9457
0.69 -5.9451
0.7 -5.9442
0.71 -5.9433
0.72 -5.9423
0.73 -5.9413
0.74 -5.9402
0.75 -5.9391
0.76 -5.9381
0.77 -5.9371
0.78 -5.9362
0.79 -5.9353
0.8 -5.9344
0.81 -5.9335
0.82 -5.9326
0.83 -5.9317
0.84 -5.9308
0.85 -5.93
0.86 -5.9293
0.87 -5.9287
0.88 -5.928
0.89 -5.9272
0.9 -5.9263
0.91 -5.9252
0.92 -5.924
0.93 -5.9228
0.94 -5.9214
0.95 -5.9199
0.96 -5.9184
0.97 -5.917
0.98 -5.9159
0.99 -5.9151
1 -5.9146
1.01 -5.9144
1.02 -5.9145
1.03 -5.9147
1.04 -5.9152
1.05 -5.9156
1.06 -5.916
1.07 -5.9161
1.08 -5.9159
1.09 -5.9152
1.1 -5.914
1.11 -5.9124
1.12 -5.9107
1.13 -5.9094
1.14 -5.9085
1.15 -5.9084
1.16 -5.9091
1.17 -5.9104
1.18 -5.9121
1.19 -5.9141
1.2 -5.9158
1.21 -5.9171
1.22 -5.9176
1.23 -5.9173
1.24 -5.9161
1.25 -5.9142
1.26 -5.9119
1.27 -5.9096
1.28 -5.9074
1.29 -5.9055
1.3 -5.9039
1.31 -5.9023
1.32 -5.9007
1.33 -5.8991
1.34 -5.8978
1.35 -5.8968
1.36 -5.8964
1.37 -5.8965
1.38 -5.897
1.39 -5.8978
1.4 -5.8989
1.41 -5.9002
1.42 -5.9017
1.43 -5.9033
1.44 -5.9047
1.45 -5.9057
1.46 -5.9062
1.47 -5.9064
1.48 -5.9061
1.49 -5.9056
1.5 -5.9047
1.51 -5.9035
1.52 -5.902
1.53 -5.9001
1.54 -5.8979
1.55 -5.8955
1.56 -5.8927
1.57 -5.8895
1.58 -5.8858
1.59 -5.8815
1.6 -5.8764
1.61 -5.8705
1.62 -5.8639
1.63 -5.8566
1.64 -5.8488
1.65 -5.8405
1.66 -5.8321
1.67 -5.8235
1.68 -5.815
1.69 -5.8066
1.7 -5.7981
1.71 -5.7893
1.72 -5.78
1.73 -5.7702
1.74 -5.7598
1.75 -5.7491
1.76 -5.7381
1.77 -5.7267
1.78 -5.7148
1.79 -5.7018
1.8 -5.6874
1.81 -5.6715
1.82 -5.6543
1.83 -5.6359
1.84 -5.6168
1.85 -5.5972
1.86 -5.5773
1.87 -5.5572
1.88 -5.5369
1.89 -5.516
1.9 -5.4943
1.91 -5.4711
1.92 -5.4456
1.93 -5.4172
1.94 -5.385
1.95 -5.3486
1.96 -5.308
1.97 -5.2635
1.98 -5.2161
1.99 -5.1677
2 -5.1212
2.01 -5.0811
2.02 -5.0532
2.03 -5.0444
2.04 -5.0612
2.05 -5.1076
2.06 -5.1823
2.07 -5.2766
2.08 -5.3771
2.09 -5.471
2.1 -5.5509
2.11 -5.6145
2.12 -5.6628
2.13 -5.698
2.14 -5.722
2.15 -5.7358
2.16 -5.7396
2.17 -5.7333
2.18 -5.718
2.19 -5.6959
2.2 -5.671
2.21 -5.6475
2.22 -5.6288
2.23 -5.6167
2.24 -5.6116
2.25 -5.6125
2.26 -5.6183
2.27 -5.6277
2.28 -5.6394
2.29 -5.6521
2.3 -5.6648
2.31 -5.6763
2.32 -5.6862
2.33 -5.6941
2.34 -5.6996
2.35 -5.7025
2.36 -5.7031
2.37 -5.7021
2.38 -5.7011
2.39 -5.7017
2.4 -5.7064
2.41 -5.718
2.42 -5.7388
2.43 -5.7695
2.44 -5.8074
2.45 -5.8469
2.46 -5.8814
2.47 -5.9061
2.48 -5.919
2.49 -5.9216
2.5 -5.9175
2.51 -5.9107
2.52 -5.9042
2.53 -5.8997
2.54 -5.8977
2.55 -5.8979
2.56 -5.8993
2.57 -5.9013
2.58 -5.9033
2.59 -5.9052
2.6 -5.9067
2.61 -5.9079
2.62 -5.9086
2.63 -5.9089
2.64 -5.9092
2.65 -5.9095
2.66 -5.9102
2.67 -5.9114
2.68 -5.9131
2.69 -5.9153
2.7 -5.9179
2.71 -5.9208
2.72 -5.924
2.73 -5.9274
2.74 -5.9307
2.75 -5.9334
2.76 -5.9353
2.77 -5.9362
2.78 -5.9359
2.79 -5.9346
2.8 -5.9325
2.81 -5.9297
2.82 -5.9265
2.83 -5.9233
2.84 -5.9205
2.85 -5.9184
2.86 -5.9172
2.87 -5.9171
2.88 -5.9183
2.89 -5.9205
2.9 -5.9236
2.91 -5.9271
2.92 -5.9307
2.93 -5.9339
2.94 -5.9365
2.95 -5.9384
2.96 -5.9395
2.97 -5.9399
2.98 -5.94
2.99 -5.9398
3 -5.9393
3.01 -5.9386
3.02 -5.9377
3.03 -5.9365
3.04 -5.9352
3.05 -5.934
3.06 -5.9331
3.07 -5.9326
3.08 -5.9325
3.09 -5.9325
3.1 -5.9326
3.11 -5.9326
3.12 -5.9325
3.13 -5.9323
3.14 -5.9321
3.15 -5.9318
3.16 -5.9315
3.17 -5.9309
3.18 -5.9302
3.19 -5.9294
3.2 -5.9287
3.21 -5.9282
3.22 -5.9279
3.23 -5.9277
3.24 -5.9276
3.25 -5.9274
3.26 -5.9269
3.27 -5.9262
3.28 -5.9253
3.29 -5.9243
3.3 -5.9235
3.31 -5.923
3.32 -5.9228
3.33 -5.9227
3.34 -5.9227
3.35 -5.9226
3.36 -5.9225
3.37 -5.9224
3.38 -5.9223
3.39 -5.9222
3.4 -5.9224
3.41 -5.9226
3.42 -5.9228
3.43 -5.9232
3.44 -5.9237
3.45 -5.9243
3.46 -5.9251
3.47 -5.9259
3.48 -5.9267
3.49 -5.9275
3.5 -5.9281
3.51 -5.9284
3.52 -5.9285
3.53 -5.9282
3.54 -5.9277
3.55 -5.9273
3.56 -5.9269
3.57 -5.9267
3.58 -5.9269
3.59 -5.9274
3.6 -5.9282
3.61 -5.9293
3.62 -5.9304
3.63 -5.9312
3.64 -5.9317
3.65 -5.9316
3.66 -5.9313
3.67 -5.931
3.68 -5.931
3.69 -5.9313
3.7 -5.9318
3.71 -5.9322
3.72 -5.9324
3.73 -5.9326
3.74 -5.9329
3.75 -5.9333
3.76 -5.934
3.77 -5.935
3.78 -5.9362
3.79 -5.9375
3.8 -5.9385
3.81 -5.9391
3.82 -5.9392
3.83 -5.9386
3.84 -5.9375
3.85 -5.9361
3.86 -5.9346
3.87 -5.9333
3.88 -5.9324
3.89 -5.9319
3.9 -5.932
3.91 -5.9324
3.92 -5.933
3.93 -5.9338
3.94 -5.9348
3.95 -5.9362
3.96 -5.9379
3.97 -5.9398
3.98 -5.9418
3.99 -5.9441
4 -5.9467
4.01 -5.9493
