0 1.3663
0.01 1.3657
0.02 1.3651
0.03 1.3646
0.04 1.3641
0.05 1.3638
0.06 1.3635
0.07 1.3633
0.08 1.3632
0.09 1.3632
0.1 1.3632
0.11 1.3633
0.12 1.3633
0.13 1.3632
0.14 1.363
0.15 1.3628
0.16 1.3625
0.17 1.3622
0.18 1.3618
0.19 1.3613
0.2 1.3607
0.21 1.3602
0.22 1.3597
0.23 1.3593
0.24 1.3589
0.25 1.3585
0.26 1.3582
0.27 1.3579
0.28 1.3577
0.29 1.3575
0.3 1.3574
0.31 1.3574
0.32 1.3574
0.33 1.3575
0.34 1.3577
0.35 1.358
0.36 1.3583
0.37 1.3588
0.38 1.3592
0.39 1.3598
0.4 1.3605
0.41 1.3612
0.42 1.3619
0.43 1.3627
0.44 1.3635
0.45 1.3643
0.46 1.3652
0.47 1.3661
0.48 1.3671
0.49 1.3682
0.5 1.3695
0.51 1.371
0.52 1.3728
0.53 1.3749
0.54 1.3773
0.55 1.3802
0.56 1.3834
0.57 1.3867
0.58 1.3902
0.59 1.3937
0.6 1.3971
0.61 1.4004
0.62 1.4036
0.63 1.4064
0.64 1.409
0.65 1.4114
0.66 1.4134
0.67 1.4152
0.68 1.4168
0.69 1.4183
0.7 1.4197
0.71 1.4211
0.72 1.4226
0.73 1.4242
0.74 1.426
0.75 1.4281
0.76 1.4305
0.77 1.4332
0.78 1.4363
0.79 1.4398
0.8 1.4437
0.81 1.4481
0.82 1.4531
0.83 1.4586
0.84 1.4646
0.85 1.4713
0.86 1.4786
0.87 1.4864
0.88 1.4947
0.89 1.5033
0.9 1.5121
0.91 1.5211
0.92 1.5302
0.93 1.5394
0.94 1.5486
0.95 1.5577
0.96 1.5668
0.97 1.576
0.98 1.5851
0.99 1.5943
1 1.6036
1.01 1.6127
1.02 1.6217
1.03 1.6304
1.04 1.6389
1.05 1.6472
1.06 1.6554
1.07 1.6634
1.08 1.6712
1.09 1.679
1.1 1.6866
1.11 1.6941
1.12 1.7014
1.13 1.7086
1.14 1.7156
1.15 1.7226
1.16 1.7294
1.17 1.7362
1.18 1.7429
1.19 1.7494
1.2 1.7558
1.21 1.7621
1.22 1.7682
1.23 1.7741
1.24 1.7798
1.25 1.7854
1.26 1.791
1.27 1.7964
1.28 1.8019
1.29 1.8074
1.3 1.8129
1.31 1.8185
1.32 1.824
1.33 1.8296
1.34 1.8351
1.35 1.8406
1.36 1.8459
1.37 1.851
1.38 1.8559
1.39 1.8606
1.4 1.8651
1.41 1.8693
1.42 1.8732
1.43 1.8769
1.44 1.8804
1.45 1.8837
1.46 1.8868
1.47 1.8897
1.48 1.8926
1.49 1.8953
1.5 1.8979
1.51 1.9004
1.52 1.9028
1.53 1.9053
1.54 1.9078
1.55 1.9105
1.56 1.9131
1.57 1.9159
1.58 1.9188
1.59 1.9218
1.6 1.9249
1.61 1.928
1.62 1.9309
1.63 1.9336
1.64 1.9359
1.65 1.9377
1.66 1.9389
1.67 1.9393
1.68 1.939
1.69 1.9378
1.7 1.936
1.71 1.9336
1.72 1.9306
1.73 1.9273
1.74 1.9233
1.75 1.9185
1.76 1.9129
1.77 1.9067
1.78 1.8997
1.79 1.8922
1.8 1.8839
1.81 1.8747
1.82 1.8646
1.83 1.8535
1.84 1.8414
1.85 1.8283
1.86 1.8142
1.87 1.7991
1.88 1.7828
1.89 1.7653
1.9 1.7463
1.91 1.7255
1.92 1.7024
1.93 1.6765
1.94 1.647
1.95 1.6129
1.96 1.5733
1.97 1.5273
1.98 1.4741
1.99 1.4133
2 1.3448
2.01 1.2693
2.02 1.1883
2.03 1.1043
2.04 1.0206
2.05 0.94084
2.06 0.8686
2.07 0.807
2.08 0.75832
2.09 0.72375
2.1 0.70316
2.11 0.69516
2.12 0.69761
2.13 0.70813
2.14 0.72453
2.15 0.74501
2.16 0.76815
2.17 0.79292
2.18 0.81854
2.19 0.84434
2.2 0.8696
2.21 0.89349
2.22 0.915
2.23 0.93304
2.24 0.94656
2.25 0.95481
2.26 0.95738
2.27 0.95417
2.28 0.94535
2.29 0.93135
2.3 0.91299
2.31 0.89148
2.32 0.8684
2.33 0.84562
2.34 0.82519
2.35 0.80926
2.36 0.79997
2.37 0.7995
2.38 0.81008
2.39 0.83376
2.4 0.87219
2.41 0.92612
2.42 0.99468
2.43 1.0748
2.44 1.1614
2.45 1.2485
2.46 1.3306
2.47 1.4042
2.48 1.4682
2.49 1.5226
2.5 1.5685
2.51 1.6065
2.52 1.6376
2.53 1.6625
2.54 1.6825
2.55 1.6985
2.56 1.7113
2.57 1.7212
2.58 1.7286
2.59 1.7336
2.6 1.736
2.61 1.736
2.62 1.7337
2.63 1.7293
2.64 1.7231
2.65 1.7154
2.66 1.7062
2.67 1.6958
2.68 1.6841
2.69 1.6712
2.7 1.6569
2.71 1.6413
2.72 1.6246
2.73 1.6067
2.74 1.588
2.75 1.5689
2.76 1.5497
2.77 1.5309
2.78 1.5126
2.79 1.4953
2.8 1.4788
2.81 1.4634
2.82 1.449
2.83 1.4355
2.84 1.423
2.85 1.4115
2.86 1.4011
2.87 1.3915
2.88 1.3824
2.89 1.3736
2.9 1.365
2.91 1.3566
2.92 1.3488
2.93 1.3417
2.94 1.3357
2.95 1.3309
2.96 1.3273
2.97 1.3251
2.98 1.324
2.99 1.3242
3 1.3255
3.01 1.328
3.02 1.3314
3.03 1.3357
3.04 1.3405
3.05 1.3456
3.06 1.3509
3.07 1.3559
3.08 1.3605
3.09 1.3645
3.1 1.3677
3.11 1.37
3.12 1.3717
3.13 1.3728
3.14 1.3735
3.15 1.3742
3.16 1.3747
3.17 1.3754
3.18 1.3763
3.19 1.3773
3.2 1.3785
3.21 1.3799
3.22 1.3815
3.23 1.3832
3.24 1.3849
3.25 1.3866
3.26 1.3882
3.27 1.3898
3.28 1.3913
3.29 1.3928
3.3 1.3941
3.31 1.3954
3.32 1.3966
3.33 1.3977
3.34 1.3985
3.35 1.3992
3.36 1.3998
3.37 1.4004
3.38 1.401
3.39 1.4018
3.4 1.4028
3.41 1.4041
3.42 1.4055
3.43 1.4071
3.44 1.4088
3.45 1.4105
3.46 1.4121
3.47 1.4133
3.48 1.4141
3.49 1.4146
3.5 1.4149
3.51 1.415
3.52 1.415
3.53 1.4151
3.54 1.4151
3.55 1.4151
3.56 1.4152
3.57 1.4152
3.58 1.4153
3.59 1.4154
3.6 1.4156
3.61 1.4158
3.62 1.4161
3.63 1.4164
3.64 1.4167
3.65 1.417
3.66 1.4173
3.67 1.4175
3.68 1.4177
3.69 1.4179
3.7 1.418
3.71 1.4182
3.72 1.4183
3.73 1.4183
3.74 1.4182
3.75 1.4179
3.76 1.4177
3.77 1.4176
3.78 1.4176
3.79 1.4177
3.8 1.4179
3.81 1.4179
3.82 1.4177
3.83 1.4173
3.84 1.4168
3.85 1.4163
3.86 1.4158
3.87 1.4151
3.88 1.4144
3.89 1.4137
3.9 1.4131
3.91 1.4125
3.92 1.4121
3.93 1.4118
3.94 1.4117
3.95 1.4121
3.96 1.4129
3.97 1.4143
3.98 1.4163
3.99 1.4186
4 1.4211
4.01 1.4236
