0 0.0061981
0.01 0.0065246
0.02 0.0068872
0.03 0.007304
0.04 0.0077913
0.05 0.0083629
0.06 0.0090293
0.07 0.0097968
0.08 0.010663
0.09 0.011613
0.1 0.01262
0.11 0.013645
0.12 0.01465
0.13 0.015599
0.14 0.016468
0.15 0.017246
0.16 0.017933
0.17 0.018534
0.18 0.019063
0.19 0.019539
0.2 0.019987
0.21 0.020427
0.22 0.020872
0.23 0.021329
0.24 0.02179
0.25 0.022245
0.26 0.022676
0.27 0.023074
0.28 0.023434
0.29 0.02376
0.3 0.024061
0.31 0.02435
0.32 0.024642
0.33 0.02495
0.34 0.025295
0.35 0.025699
0.36 0.026188
0.37 0.026793
0.38 0.027546
0.39 0.028474
0.4 0.029601
0.41 0.030949
0.42 0.032532
0.43 0.034362
0.44 0.036452
0.45 0.038812
0.46 0.041458
0.47 0.044403
0.48 0.04766
0.49 0.051234
0.5 0.055119
0.51 0.059302
0.52 0.063758
0.53 0.068451
0.54 0.073337
0.55 0.078365
0.56 0.083473
0.57 0.088601
0.58 0.093691
0.59 0.098691
0.6 0.10356
0.61 0.10826
0.62 0.11276
0.63 0.11705
0.64 0.12112
0.65 0.12499
0.66 0.12869
0.67 0.1323
0.68 0.13588
0.69 0.13949
0.7 0.14323
0.71 0.14717
0.72 0.15141
0.73 0.15604
0.74 0.16116
0.75 0.16687
0.76 0.17325
0.77 0.18036
0.78 0.18826
0.79 0.19697
0.8 0.20653
0.81 0.21695
0.82 0.22825
0.83 0.24047
0.84 0.25366
0.85 0.26787
0.86 0.28312
0.87 0.29945
0.88 0.31683
0.89 0.33528
0.9 0.35478
0.91 0.37531
0.92 0.39681
0.93 0.41923
0.94 0.44245
0.95 0.46636
0.96 0.49086
0.97 0.51583
0.98 0.54117
0.99 0.56679
1 0.59259
1.01 0.61852
1.02 0.64453
1.03 0.6706
1.04 0.69676
1.05 0.72306
1.06 0.74956
1.07 0.77626
1.08 0.80315
1.09 0.83021
1.1 0.85739
1.11 0.88468
1.12 0.91205
1.13 0.9395
1.14 0.96705
1.15 0.99471
1.16 1.0225
1.17 1.0505
1.18 1.0786
1.19 1.107
1.2 1.1354
1.21 1.1639
1.22 1.1926
1.23 1.2213
1.24 1.25
1.25 1.2787
1.26 1.3074
1.27 1.3359
1.28 1.3643
1.29 1.3924
1.3 1.4202
1.31 1.4476
1.32 1.4746
1.33 1.5012
1.34 1.5272
1.35 1.5528
1.36 1.5779
1.37 1.6025
1.38 1.6266
1.39 1.6502
1.4 1.6734
1.41 1.696
1.42 1.7182
1.43 1.7399
1.44 1.7611
1.45 1.7819
1.46 1.8021
1.47 1.8217
1.48 1.8409
1.49 1.8596
1.5 1.8777
1.51 1.8951
1.52 1.9119
1.53 1.928
1.54 1.9432
1.55 1.9576
1.56 1.9712
1.57 1.9838
1.58 1.9954
1.59 2.0061
1.6 2.0155
1.61 2.0237
1.62 2.0305
1.63 2.0357
1.64 2.039
1.65 2.0404
1.66 2.0397
1.67 2.0366
1.68 2.0312
1.69 2.0233
1.7 2.0129
1.71 1.9999
1.72 1.9844
1.73 1.9664
1.74 1.9461
1.75 1.9236
1.76 1.8993
1.77 1.8734
1.78 1.8462
1.79 1.818
1.8 1.7889
1.81 1.7591
1.82 1.7287
1.83 1.6977
1.84 1.666
1.85 1.6336
1.86 1.6002
1.87 1.5657
1.88 1.5296
1.89 1.4916
1.9 1.4514
1.91 1.4084
1.92 1.3623
1.93 1.3125
1.94 1.2585
1.95 1.2
1.96 1.1367
1.97 1.0685
1.98 0.99576
1.99 0.9188
2 0.83838
2.01 0.75556
2.02 0.67183
2.03 0.58903
2.04 0.50925
2.05 0.43464
2.06 0.36723
2.07 0.30882
2.08 0.26074
2.09 0.22383
2.1 0.1983
2.11 0.18374
2.12 0.1792
2.13 0.18337
2.14 0.19474
2.15 0.21182
2.16 0.23326
2.17 0.25792
2.18 0.28491
2.19 0.31365
2.2 0.34384
2.21 0.37546
2.22 0.40858
2.23 0.44325
2.24 0.47932
2.25 0.51629
2.26 0.55338
2.27 0.58959
2.28 0.62391
2.29 0.65545
2.3 0.68354
2.31 0.70783
2.32 0.72831
2.33 0.7453
2.34 0.75946
2.35 0.77166
2.36 0.78298
2.37 0.79457
2.38 0.80762
2.39 0.82319
2.4 0.84208
2.41 0.86478
2.42 0.89137
2.43 0.92147
2.44 0.95429
2.45 0.98861
2.46 1.0229
2.47 1.0557
2.48 1.0854
2.49 1.1109
2.5 1.1313
2.51 1.1463
2.52 1.1561
2.53 1.1615
2.54 1.1637
2.55 1.1638
2.56 1.1628
2.57 1.1611
2.58 1.1589
2.59 1.1561
2.6 1.1522
2.61 1.1468
2.62 1.1394
2.63 1.1297
2.64 1.1177
2.65 1.1032
2.66 1.0864
2.67 1.0675
2.68 1.0468
2.69 1.0244
2.7 1.0005
2.71 0.97508
2.72 0.94821
2.73 0.91995
2.74 0.89043
2.75 0.85981
2.76 0.82831
2.77 0.79611
2.78 0.76333
2.79 0.73001
2.8 0.69612
2.81 0.66155
2.82 0.62617
2.83 0.58987
2.84 0.5526
2.85 0.51448
2.86 0.47574
2.87 0.43676
2.88 0.39804
2.89 0.36012
2.9 0.3236
2.91 0.28901
2.92 0.25685
2.93 0.2275
2.94 0.20124
2.95 0.17819
2.96 0.15835
2.97 0.14161
2.98 0.12778
2.99 0.11664
3 0.10791
3.01 0.10125
3.02 0.09628
3.03 0.092598
3.04 0.08983
3.05 0.087648
3.06 0.085788
3.07 0.08404
3.08 0.082255
3.09 0.080345
3.1 0.078289
3.11 0.076124
3.12 0.07392
3.13 0.071766
3.14 0.069756
3.15 0.067983
3.16 0.066536
3.17 0.065478
3.18 0.064836
3.19 0.064599
3.2 0.064715
3.21 0.065091
3.22 0.0656
3.23 0.066095
3.24 0.066435
3.25 0.066506
3.26 0.066232
3.27 0.065576
3.28 0.064544
3.29 0.063176
3.3 0.061544
3.31 0.059741
3.32 0.05787
3.33 0.056031
3.34 0.054311
3.35 0.052786
3.36 0.051516
3.37 0.05055
3.38 0.049921
3.39 0.049644
3.4 0.049714
3.41 0.050104
3.42 0.050769
3.43 0.051654
3.44 0.052691
3.45 0.053808
3.46 0.054938
3.47 0.05603
3.48 0.057051
3.49 0.057985
3.5 0.058827
3.51 0.05958
3.52 0.060258
3.53 0.060874
3.54 0.061445
3.55 0.061984
3.56 0.062496
3.57 0.062986
3.58 0.063458
3.59 0.063922
3.6 0.064402
3.61 0.064923
3.62 0.065504
3.63 0.066154
3.64 0.066863
3.65 0.067613
3.66 0.068375
3.67 0.069114
3.68 0.069795
3.69 0.070387
3.7 0.07087
3.71 0.071231
3.72 0.071464
3.73 0.071572
3.74 0.071558
3.75 0.071431
3.76 0.071199
3.77 0.070872
3.78 0.070462
3.79 0.069983
3.8 0.069449
3.81 0.068876
3.82 0.068278
3.83 0.067664
3.84 0.067042
3.85 0.066417
3.86 0.0658
3.87 0.065204
3.88 0.064641
3.89 0.06412
3.9 0.063647
3.91 0.063228
3.92 0.062868
3.93 0.062567
3.94 0.062325
3.95 0.062142
3.96 0.062021
3.97 0.06196
3.98 0.061955
3.99 0.061992
4 0.062055
4.01 0.062129
