0 4.7393
0.01 4.7386
0.02 4.738
0.03 4.7373
0.04 4.7366
0.05 4.7359
0.06 4.7352
0.07 4.7345
0.08 4.7338
0.09 4.7331
0.1 4.7325
0.11 4.7318
0.12 4.7313
0.13 4.7307
0.14 4.7303
0.15 4.7298
0.16 4.7294
0.17 4.729
0.18 4.7287
0.19 4.7283
0.2 4.7279
0.21 4.7275
0.22 4.7271
0.23 4.7267
0.24 4.7262
0.25 4.7258
0.26 4.7254
0.27 4.7251
0.28 4.7247
0.29 4.7245
0.3 4.7242
0.31 4.724
0.32 4.7238
0.33 4.7237
0.34 4.7235
0.35 4.7234
0.36 4.7232
0.37 4.723
0.38 4.7227
0.39 4.7224
0.4 4.7221
0.41 4.7216
0.42 4.7212
0.43 4.7207
0.44 4.7201
0.45 4.7195
0.46 4.719
0.47 4.7184
0.48 4.7179
0.49 4.7175
0.5 4.7172
0.51 4.717
0.52 4.7168
0.53 4.7168
0.54 4.7168
0.55 4.7168
0.56 4.717
0.57 4.7171
0.58 4.7172
0.59 4.7172
0.6 4.7172
0.61 4.7171
0.62 4.7169
0.63 4.7166
0.64 4.7161
0.65 4.7155
0.66 4.7147
0.67 4.7137
0.68 4.7126
0.69 4.7112
0.7 4.7097
0.71 4.708
0.72 4.7061
0.73 4.7039
0.74 4.7016
0.75 4.699
0.76 4.6961
0.77 4.693
0.78 4.6897
0.79 4.686
0.8 4.6821
0.81 4.6779
0.82 4.6733
0.83 4.6684
0.84 4.6632
0.85 4.6576
0.86 4.6516
0.87 4.6453
0.88 4.6385
0.89 4.6313
0.9 4.6235
0.91 4.6153
0.92 4.6065
0.93 4.5972
0.94 4.5874
0.95 4.577
0.96 4.5661
0.97 4.5547
0.98 4.543
0.99 4.5308
1 4.5182
1.01 4.5053
1.02 4.492
1.03 4.4784
1.04 4.4645
1.05 4.4502
1.06 4.4355
1.07 4.4206
1.08 4.4054
1.09 4.3899
1.1 4.3742
1.11 4.3584
1.12 4.3424
1.13 4.3262
1.14 4.3099
1.15 4.2933
1.16 4.2766
1.17 4.2595
1.18 4.2423
1.19 4.2247
1.2 4.2069
1.21 4.1889
1.22 4.1707
1.23 4.1522
1.24 4.1336
1.25 4.1149
1.26 4.0962
1.27 4.0775
1.28 4.0589
1.29 4.0404
1.3 4.0222
1.31 4.0041
1.32 3.9863
1.33 3.9686
1.34 3.9512
1.35 3.9339
1.36 3.9168
1.37 3.8998
1.38 3.883
1.39 3.8662
1.4 3.8496
1.41 3.8331
1.42 3.8166
1.43 3.8003
1.44 3.7841
1.45 3.768
1.46 3.752
1.47 3.7362
1.48 3.7205
1.49 3.7049
1.5 3.6894
1.51 3.6741
1.52 3.6589
1.53 3.6439
1.54 3.6292
1.55 3.6148
1.56 3.6007
1.57 3.587
1.58 3.5738
1.59 3.5611
1.6 3.5492
1.61 3.5382
1.62 3.5281
1.63 3.5193
1.64 3.5119
1.65 3.5061
1.66 3.502
1.67 3.4997
1.68 3.4994
1.69 3.501
1.7 3.5045
1.71 3.51
1.72 3.5173
1.73 3.5264
1.74 3.537
1.75 3.549
1.76 3.562
1.77 3.5759
1.78 3.5905
1.79 3.6057
1.8 3.6214
1.81 3.6376
1.82 3.6543
1.83 3.6715
1.84 3.6893
1.85 3.7076
1.86 3.7264
1.87 3.7458
1.88 3.7657
1.89 3.7862
1.9 3.8072
1.91 3.8288
1.92 3.8511
1.93 3.8742
1.94 3.8984
1.95 3.9237
1.96 3.9504
1.97 3.9787
1.98 4.0087
1.99 4.0405
2 4.074
2.01 4.1091
2.02 4.1455
2.03 4.1828
2.04 4.2204
2.05 4.2577
2.06 4.2942
2.07 4.3291
2.08 4.3619
2.09 4.3921
2.1 4.4191
2.11 4.4425
2.12 4.4619
2.13 4.4773
2.14 4.4885
2.15 4.4957
2.16 4.4991
2.17 4.4992
2.18 4.4962
2.19 4.4906
2.2 4.4829
2.21 4.4735
2.22 4.4626
2.23 4.4507
2.24 4.4379
2.25 4.4247
2.26 4.4113
2.27 4.3982
2.28 4.3858
2.29 4.3745
2.3 4.3648
2.31 4.3572
2.32 4.3521
2.33 4.3497
2.34 4.3502
2.35 4.3534
2.36 4.3592
2.37 4.3671
2.38 4.3767
2.39 4.3876
2.4 4.3993
2.41 4.4114
2.42 4.4234
2.43 4.435
2.44 4.4457
2.45 4.4552
2.46 4.4633
2.47 4.4697
2.48 4.4745
2.49 4.4778
2.5 4.4799
2.51 4.481
2.52 4.4812
2.53 4.4804
2.54 4.4785
2.55 4.4755
2.56 4.4714
2.57 4.4662
2.58 4.4604
2.59 4.4543
2.6 4.4482
2.61 4.4425
2.62 4.4375
2.63 4.4332
2.64 4.4298
2.65 4.4272
2.66 4.4254
2.67 4.4243
2.68 4.4238
2.69 4.424
2.7 4.4248
2.71 4.4262
2.72 4.4281
2.73 4.4306
2.74 4.4335
2.75 4.437
2.76 4.4409
2.77 4.4454
2.78 4.4506
2.79 4.4563
2.8 4.4627
2.81 4.4699
2.82 4.4778
2.83 4.4864
2.84 4.4957
2.85 4.5056
2.86 4.5161
2.87 4.5269
2.88 4.538
2.89 4.5492
2.9 4.5603
2.91 4.5712
2.92 4.5816
2.93 4.5915
2.94 4.6007
2.95 4.6091
2.96 4.6167
2.97 4.6233
2.98 4.6291
2.99 4.634
3 4.6382
3.01 4.6418
3.02 4.6451
3.03 4.648
3.04 4.6509
3.05 4.6537
3.06 4.6565
3.07 4.6594
3.08 4.6624
3.09 4.6654
3.1 4.6684
3.11 4.6713
3.12 4.6741
3.13 4.6767
3.14 4.6792
3.15 4.6814
3.16 4.6833
3.17 4.685
3.18 4.6864
3.19 4.6877
3.2 4.6887
3.21 4.6896
3.22 4.6904
3.23 4.6912
3.24 4.6919
3.25 4.6927
3.26 4.6936
3.27 4.6946
3.28 4.6957
3.29 4.6969
3.3 4.6982
3.31 4.6996
3.32 4.7009
3.33 4.7022
3.34 4.7035
3.35 4.7046
3.36 4.7056
3.37 4.7065
3.38 4.7072
3.39 4.7077
3.4 4.708
3.41 4.7082
3.42 4.7083
3.43 4.7083
3.44 4.7082
3.45 4.7081
3.46 4.7079
3.47 4.7077
3.48 4.7075
3.49 4.7073
3.5 4.7071
3.51 4.7069
3.52 4.7067
3.53 4.7065
3.54 4.7064
3.55 4.7063
3.56 4.7061
3.57 4.706
3.58 4.706
3.59 4.7059
3.6 4.7058
3.61 4.7057
3.62 4.7056
3.63 4.7055
3.64 4.7054
3.65 4.7052
3.66 4.7051
3.67 4.7049
3.68 4.7048
3.69 4.7047
3.7 4.7046
3.71 4.7046
3.72 4.7046
3.73 4.7047
3.74 4.7048
3.75 4.7049
3.76 4.705
3.77 4.7051
3.78 4.7053
3.79 4.7055
3.8 4.7056
3.81 4.7058
3.82 4.7061
3.83 4.7063
3.84 4.7066
3.85 4.7068
3.86 4.7071
3.87 4.7074
3.88 4.7077
3.89 4.708
3.9 4.7083
3.91 4.7085
3.92 4.7088
3.93 4.709
3.94 4.7092
3.95 4.7093
3.96 4.7094
3.97 4.7095
3.98 4.7095
3.99 4.7095
4 4.7095
4.01 4.7095
