0 -3.3385
0.01 -3.3376
0.02 -3.3366
0.03 -3.3356
0.04 -3.3345
0.05 -3.3333
0.06 -3.332
0.07 -3.3308
0.08 -3.3296
0.09 -3.3286
0.1 -3.3277
0.11 -3.327
0.12 -3.3266
0.13 -3.3265
0.14 -3.3266
0.15 -3.327
0.16 -3.3277
0.17 -3.3285
0.18 -3.3296
0.19 -3.3307
0.2 -3.3319
0.21 -3.3332
0.22 -3.3345
0.23 -3.3358
0.24 -3.3372
0.25 -3.3385
0.26 -3.3398
0.27 -3.3411
0.28 -3.3425
0.29 -3.3438
0.3 -3.345
0.31 -3.3462
0.32 -3.3473
0.33 -3.3483
0.34 -3.3492
0.35 -3.35
0.36 -3.3507
0.37 -3.3513
0.38 -3.3519
0.39 -3.3525
0.4 -3.3532
0.41 -3.3542
0.42 -3.3555
0.43 -3.3572
0.44 -3.3596
0.45 -3.3627
0.46 -3.3668
0.47 -3.3718
0.48 -3.3778
0.49 -3.3848
0.5 -3.3927
0.51 -3.4013
0.52 -3.4104
0.53 -3.4197
0.54 -3.4291
0.55 -3.4382
0.56 -3.4469
0.57 -3.4551
0.58 -3.4625
0.59 -3.4692
0.6 -3.4753
0.61 -3.4806
0.62 -3.4852
0.63 -3.4893
0.64 -3.4928
0.65 -3.4958
0.66 -3.4983
0.67 -3.5004
0.68 -3.5021
0.69 -3.5035
0.7 -3.5045
0.71 -3.5052
0.72 -3.5057
0.73 -3.5058
0.74 -3.5056
0.75 -3.505
0.76 -3.5041
0.77 -3.5029
0.78 -3.5013
0.79 -3.4993
0.8 -3.4968
0.81 -3.4939
0.82 -3.4905
0.83 -3.4866
0.84 -3.4824
0.85 -3.4776
0.86 -3.4725
0.87 -3.467
0.88 -3.4611
0.89 -3.4547
0.9 -3.448
0.91 -3.4407
0.92 -3.4329
0.93 -3.4245
0.94 -3.4155
0.95 -3.406
0.96 -3.396
0.97 -3.3856
0.98 -3.3746
0.99 -3.3632
1 -3.3514
1.01 -3.339
1.02 -3.3262
1.03 -3.3128
1.04 -3.2988
1.05 -3.2843
1.06 -3.2693
1.07 -3.2536
1.08 -3.2376
1.09 -3.2211
1.1 -3.2043
1.11 -3.1874
1.12 -3.1705
1.13 -3.1536
1.14 -3.1366
1.15 -3.1196
1.16 -3.1024
1.17 -3.0852
1.18 -3.0677
1.19 -3.0501
1.2 -3.0322
1.21 -3.0141
1.22 -2.9959
1.23 -2.9775
1.24 -2.959
1.25 -2.9405
1.26 -2.922
1.27 -2.9037
1.28 -2.8857
1.29 -2.868
1.3 -2.8509
1.31 -2.8342
1.32 -2.8181
1.33 -2.8025
1.34 -2.7873
1.35 -2.7727
1.36 -2.7585
1.37 -2.7448
1.38 -2.7315
1.39 -2.7185
1.4 -2.7058
1.41 -2.6934
1.42 -2.6811
1.43 -2.6691
1.44 -2.6572
1.45 -2.6456
1.46 -2.6342
1.47 -2.6229
1.48 -2.6117
1.49 -2.6004
1.5 -2.5889
1.51 -2.5773
1.52 -2.5655
1.53 -2.5535
1.54 -2.5413
1.55 -2.5289
1.56 -2.5162
1.57 -2.5033
1.58 -2.4901
1.59 -2.4768
1.6 -2.4634
1.61 -2.4502
1.62 -2.4374
1.63 -2.4255
1.64 -2.4148
1.65 -2.4055
1.66 -2.398
1.67 -2.3924
1.68 -2.389
1.69 -2.3877
1.7 -2.3886
1.71 -2.3915
1.72 -2.3964
1.73 -2.4029
1.74 -2.4107
1.75 -2.4194
1.76 -2.4286
1.77 -2.4379
1.78 -2.447
1.79 -2.4558
1.8 -2.4643
1.81 -2.4723
1.82 -2.48
1.83 -2.4874
1.84 -2.4945
1.85 -2.5014
1.86 -2.5079
1.87 -2.5139
1.88 -2.5195
1.89 -2.5246
1.9 -2.5293
1.91 -2.5338
1.92 -2.5385
1.93 -2.5438
1.94 -2.5504
1.95 -2.5593
1.96 -2.5714
1.97 -2.5879
1.98 -2.6101
1.99 -2.6392
2 -2.6759
2.01 -2.721
2.02 -2.7743
2.03 -2.8347
2.04 -2.9007
2.05 -2.9703
2.06 -3.0413
2.07 -3.1114
2.08 -3.1785
2.09 -3.2408
2.1 -3.2968
2.11 -3.3454
2.12 -3.3863
2.13 -3.4195
2.14 -3.4451
2.15 -3.4638
2.16 -3.4761
2.17 -3.4829
2.18 -3.4847
2.19 -3.4826
2.2 -3.4772
2.21 -3.4691
2.22 -3.4588
2.23 -3.4466
2.24 -3.4327
2.25 -3.4174
2.26 -3.4009
2.27 -3.3835
2.28 -3.3659
2.29 -3.3488
2.3 -3.3331
2.31 -3.3198
2.32 -3.3097
2.33 -3.3033
2.34 -3.3007
2.35 -3.3015
2.36 -3.305
2.37 -3.3104
2.38 -3.3165
2.39 -3.3227
2.4 -3.3281
2.41 -3.3323
2.42 -3.3349
2.43 -3.3357
2.44 -3.3344
2.45 -3.3312
2.46 -3.3261
2.47 -3.3196
2.48 -3.3118
2.49 -3.3031
2.5 -3.2939
2.51 -3.2841
2.52 -3.2736
2.53 -3.2619
2.54 -3.2486
2.55 -3.2337
2.56 -3.2172
2.57 -3.1998
2.58 -3.1822
2.59 -3.1655
2.6 -3.1503
2.61 -3.1375
2.62 -3.1271
2.63 -3.1192
2.64 -3.1135
2.65 -3.1097
2.66 -3.1072
2.67 -3.1057
2.68 -3.1048
2.69 -3.1043
2.7 -3.1041
2.71 -3.1041
2.72 -3.1044
2.73 -3.1051
2.74 -3.1063
2.75 -3.1082
2.76 -3.1107
2.77 -3.1141
2.78 -3.1184
2.79 -3.1238
2.8 -3.1301
2.81 -3.1375
2.82 -3.1459
2.83 -3.1554
2.84 -3.1657
2.85 -3.1769
2.86 -3.1887
2.87 -3.2009
2.88 -3.2134
2.89 -3.2259
2.9 -3.2381
2.91 -3.2498
2.92 -3.2608
2.93 -3.2708
2.94 -3.2795
2.95 -3.2868
2.96 -3.2927
2.97 -3.2971
2.98 -3.3
2.99 -3.3017
3 -3.3022
3.01 -3.302
3.02 -3.3013
3.03 -3.3004
3.04 -3.2996
3.05 -3.2992
3.06 -3.2991
3.07 -3.2996
3.08 -3.3006
3.09 -3.302
3.1 -3.3038
3.11 -3.3058
3.12 -3.3079
3.13 -3.3101
3.14 -3.3121
3.15 -3.314
3.16 -3.3158
3.17 -3.3174
3.18 -3.3189
3.19 -3.3203
3.2 -3.3216
3.21 -3.3229
3.22 -3.3242
3.23 -3.3257
3.24 -3.3273
3.25 -3.329
3.26 -3.3311
3.27 -3.3333
3.28 -3.3357
3.29 -3.3384
3.3 -3.3411
3.31 -3.3439
3.32 -3.3466
3.33 -3.3493
3.34 -3.3516
3.35 -3.3537
3.36 -3.3555
3.37 -3.3569
3.38 -3.3579
3.39 -3.3586
3.4 -3.3591
3.41 -3.3593
3.42 -3.3593
3.43 -3.3593
3.44 -3.3592
3.45 -3.3591
3.46 -3.359
3.47 -3.3589
3.48 -3.3588
3.49 -3.3588
3.5 -3.3588
3.51 -3.3589
3.52 -3.359
3.53 -3.3592
3.54 -3.3594
3.55 -3.3596
3.56 -3.3598
3.57 -3.3601
3.58 -3.3603
3.59 -3.3605
3.6 -3.3608
3.61 -3.3609
3.62 -3.3611
3.63 -3.3612
3.64 -3.3612
3.65 -3.3612
3.66 -3.3613
3.67 -3.3614
3.68 -3.3616
3.69 -3.362
3.7 -3.3624
3.71 -3.363
3.72 -3.3636
3.73 -3.3644
3.74 -3.3651
3.75 -3.3659
3.76 -3.3666
3.77 -3.3673
3.78 -3.3678
3.79 -3.3683
3.8 -3.3688
3.81 -3.3691
3.82 -3.3695
3.83 -3.3697
3.84 -3.37
3.85 -3.3702
3.86 -3.3705
3.87 -3.3707
3.88 -3.3709
3.89 -3.3711
3.9 -3.3712
3.91 -3.3711
3.92 -3.3709
3.93 -3.3705
3.94 -3.3699
3.95 -3.3691
3.96 -3.3681
3.97 -3.3669
3.98 -3.3655
3.99 -3.364
4 -3.3625
4.01 -3.361
