0 1.427
0.01 1.427
0.02 1.4268
0.03 1.4265
0.04 1.426
0.05 1.4255
0.06 1.4249
0.07 1.4242
0.08 1.4235
0.09 1.4228
0.1 1.4222
0.11 1.4215
0.12 1.421
0.13 1.4206
0.14 1.4202
0.15 1.42
0.16 1.4198
0.17 1.4197
0.18 1.4195
0.19 1.4194
0.2 1.4191
0.21 1.4189
0.22 1.4186
0.23 1.4183
0.24 1.4181
0.25 1.4179
0.26 1.4177
0.27 1.4174
0.28 1.417
0.29 1.4164
0.3 1.4158
0.31 1.4152
0.32 1.4146
0.33 1.4139
0.34 1.4133
0.35 1.4128
0.36 1.4123
0.37 1.4118
0.38 1.4113
0.39 1.4109
0.4 1.4105
0.41 1.4101
0.42 1.4098
0.43 1.4096
0.44 1.4094
0.45 1.4093
0.46 1.4093
0.47 1.4094
0.48 1.4096
0.49 1.4099
0.5 1.4104
0.51 1.411
0.52 1.4116
0.53 1.4121
0.54 1.4124
0.55 1.4126
0.56 1.4125
0.57 1.4126
0.58 1.4129
0.59 1.4137
0.6 1.4148
0.61 1.4161
0.62 1.4175
0.63 1.419
0.64 1.4205
0.65 1.422
0.66 1.4237
0.67 1.4254
0.68 1.4272
0.69 1.429
0.7 1.4311
0.71 1.4334
0.72 1.4359
0.73 1.4388
0.74 1.4422
0.75 1.4461
0.76 1.4506
0.77 1.4558
0.78 1.4615
0.79 1.4678
0.8 1.4745
0.81 1.4817
0.82 1.4891
0.83 1.4968
0.84 1.5047
0.85 1.5127
0.86 1.521
0.87 1.5294
0.88 1.5379
0.89 1.5465
0.9 1.5552
0.91 1.564
0.92 1.5728
0.93 1.5815
0.94 1.5902
0.95 1.5988
0.96 1.6071
0.97 1.6154
0.98 1.6236
0.99 1.6317
1 1.6398
1.01 1.6477
1.02 1.6555
1.03 1.6631
1.04 1.6706
1.05 1.6778
1.06 1.6848
1.07 1.6917
1.08 1.6984
1.09 1.705
1.1 1.7114
1.11 1.7177
1.12 1.724
1.13 1.7301
1.14 1.7363
1.15 1.7426
1.16 1.7491
1.17 1.7557
1.18 1.7626
1.19 1.7695
1.2 1.7764
1.21 1.783
1.22 1.7893
1.23 1.7952
1.24 1.8006
1.25 1.8057
1.26 1.8107
1.27 1.8158
1.28 1.8212
1.29 1.8267
1.3 1.8325
1.31 1.8382
1.32 1.844
1.33 1.8497
1.34 1.8553
1.35 1.861
1.36 1.8667
1.37 1.8723
1.38 1.8776
1.39 1.8828
1.4 1.8877
1.41 1.8923
1.42 1.8968
1.43 1.9011
1.44 1.9053
1.45 1.9092
1.46 1.913
1.47 1.9167
1.48 1.9201
1.49 1.9233
1.5 1.9262
1.51 1.9289
1.52 1.9313
1.53 1.9335
1.54 1.9356
1.55 1.9377
1.56 1.9397
1.57 1.9417
1.58 1.9435
1.59 1.945
1.6 1.9462
1.61 1.9469
1.62 1.947
1.63 1.9466
1.64 1.9457
1.65 1.9443
1.66 1.9424
1.67 1.9401
1.68 1.9375
1.69 1.9346
1.7 1.9313
1.71 1.9276
1.72 1.9231
1.73 1.9181
1.74 1.9124
1.75 1.9062
1.76 1.8994
1.77 1.8921
1.78 1.884
1.79 1.8748
1.8 1.8642
1.81 1.8522
1.82 1.8389
1.83 1.8244
1.84 1.8089
1.85 1.7926
1.86 1.7754
1.87 1.7574
1.88 1.7384
1.89 1.718
1.9 1.6957
1.91 1.671
1.92 1.6431
1.93 1.611
1.94 1.5738
1.95 1.5305
1.96 1.4805
1.97 1.423
1.98 1.3579
1.99 1.2855
2 1.2069
2.01 1.1238
2.02 1.0392
2.03 0.95643
2.04 0.87905
2.05 0.8102
2.06 0.75206
2.07 0.70568
2.08 0.67113
2.09 0.64767
2.1 0.63403
2.11 0.62875
2.12 0.63039
2.13 0.63777
2.14 0.64995
2.15 0.66612
2.16 0.68555
2.17 0.70752
2.18 0.73133
2.19 0.75621
2.2 0.7812
2.21 0.80519
2.22 0.82697
2.23 0.84544
2.24 0.85993
2.25 0.87029
2.26 0.87679
2.27 0.87994
2.28 0.88015
2.29 0.87761
2.3 0.87237
2.31 0.8647
2.32 0.85533
2.33 0.84547
2.34 0.83663
2.35 0.83058
2.36 0.82937
2.37 0.83518
2.38 0.85035
2.39 0.87713
2.4 0.91732
2.41 0.97196
2.42 1.0408
2.43 1.1215
2.44 1.209
2.45 1.2967
2.46 1.3778
2.47 1.4475
2.48 1.504
2.49 1.5485
2.5 1.584
2.51 1.6136
2.52 1.6393
2.53 1.6622
2.54 1.6827
2.55 1.7005
2.56 1.7156
2.57 1.7278
2.58 1.7372
2.59 1.744
2.6 1.7484
2.61 1.7505
2.62 1.7503
2.63 1.7479
2.64 1.7433
2.65 1.7366
2.66 1.728
2.67 1.718
2.68 1.7068
2.69 1.6948
2.7 1.6822
2.71 1.6694
2.72 1.6561
2.73 1.6423
2.74 1.628
2.75 1.613
2.76 1.5973
2.77 1.5811
2.78 1.5645
2.79 1.5477
2.8 1.5307
2.81 1.5135
2.82 1.4964
2.83 1.4794
2.84 1.4627
2.85 1.4466
2.86 1.4313
2.87 1.4169
2.88 1.4035
2.89 1.3913
2.9 1.38
2.91 1.3698
2.92 1.3603
2.93 1.3518
2.94 1.3441
2.95 1.3373
2.96 1.3316
2.97 1.327
2.98 1.3239
2.99 1.3222
3 1.3219
3.01 1.3228
3.02 1.3248
3.03 1.3277
3.04 1.3313
3.05 1.3357
3.06 1.3406
3.07 1.3459
3.08 1.3513
3.09 1.3567
3.1 1.3616
3.11 1.3662
3.12 1.3703
3.13 1.374
3.14 1.3776
3.15 1.381
3.16 1.3843
3.17 1.3877
3.18 1.391
3.19 1.3945
3.2 1.398
3.21 1.4016
3.22 1.4052
3.23 1.4087
3.24 1.4119
3.25 1.4144
3.26 1.4163
3.27 1.4174
3.28 1.4179
3.29 1.418
3.3 1.418
3.31 1.4182
3.32 1.4186
3.33 1.4192
3.34 1.4198
3.35 1.4203
3.36 1.4206
3.37 1.4208
3.38 1.4209
3.39 1.421
3.4 1.4212
3.41 1.4214
3.42 1.4216
3.43 1.4218
3.44 1.4221
3.45 1.4226
3.46 1.4231
3.47 1.4237
3.48 1.4242
3.49 1.4246
3.5 1.425
3.51 1.425
3.52 1.4248
3.53 1.4242
3.54 1.4234
3.55 1.4227
3.56 1.422
3.57 1.4216
3.58 1.4216
3.59 1.4218
3.6 1.4224
3.61 1.4232
3.62 1.424
3.63 1.4247
3.64 1.425
3.65 1.4249
3.66 1.4246
3.67 1.4243
3.68 1.4244
3.69 1.4249
3.7 1.4255
3.71 1.4261
3.72 1.4266
3.73 1.427
3.74 1.4274
3.75 1.428
3.76 1.4289
3.77 1.4299
3.78 1.431
3.79 1.432
3.8 1.4327
3.81 1.4328
3.82 1.4322
3.83 1.431
3.84 1.4291
3.85 1.4269
3.86 1.4247
3.87 1.4229
3.88 1.4214
3.89 1.4206
3.9 1.4202
3.91 1.4202
3.92 1.4205
3.93 1.421
3.94 1.4219
3.95 1.4232
3.96 1.4249
3.97 1.4271
3.98 1.4295
3.99 1.4324
4 1.4355
4.01 1.4387
