0 -5.9131
0.01 -5.9134
0.02 -5.9137
0.03 -5.9139
0.04 -5.9142
0.05 -5.9144
0.06 -5.9146
0.07 -5.9147
0.08 -5.9148
0.09 -5.9149
0.1 -5.9149
0.11 -5.9148
0.12 -5.9147
0.13 -5.9145
0.14 -5.9143
0.15 -5.9142
0.16 -5.9142
0.17 -5.9142
0.18 -5.9143
0.19 -5.9144
0.2 -5.9146
0.21 -5.9149
0.22 -5.9152
0.23 -5.9156
0.24 -5.9159
0.25 -5.9162
0.26 -5.9164
0.27 -5.9164
0.28 -5.9164
0.29 -5.9164
0.3 -5.9163
0.31 -5.9162
0.32 -5.9161
0.33 -5.916
0.34 -5.9159
0.35 -5.9158
0.36 -5.9157
0.37 -5.9157
0.38 -5.9158
0.39 -5.9159
0.4 -5.9161
0.41 -5.9163
0.42 -5.9166
0.43 -5.9169
0.44 -5.9171
0.45 -5.9173
0.46 -5.9173
0.47 -5.9172
0.48 -5.917
0.49 -5.9165
0.5 -5.916
0.51 -5.9154
0.52 -5.9147
0.53 -5.9141
0.54 -5.9136
0.55 -5.9134
0.56 -5.9132
0.57 -5.9132
0.58 -5.9131
0.59 -5.9131
0.6 -5.9132
0.61 -5.9132
0.62 -5.9131
0.63 -5.913
0.64 -5.9129
0.65 -5.9127
0.66 -5.9123
0.67 -5.9117
0.68 -5.911
0.69 -5.9101
0.7 -5.9091
0.71 -5.908
0.72 -5.9069
0.73 -5.9058
0.74 -5.9048
0.75 -5.9037
0.76 -5.9028
0.77 -5.9019
0.78 -5.901
0.79 -5.9003
0.8 -5.8996
0.81 -5.8991
0.82 -5.8989
0.83 -5.8988
0.84 -5.899
0.85 -5.8994
0.86 -5.9
0.87 -5.9008
0.88 -5.9015
0.89 -5.9022
0.9 -5.9027
0.91 -5.903
0.92 -5.9029
0.93 -5.9026
0.94 -5.9021
0.95 -5.9013
0.96 -5.9005
0.97 -5.8996
0.98 -5.8988
0.99 -5.8982
1 -5.8978
1.01 -5.8976
1.02 -5.8975
1.03 -5.8974
1.04 -5.8974
1.05 -5.8975
1.06 -5.8976
1.07 -5.8978
1.08 -5.8981
1.09 -5.8985
1.1 -5.8989
1.11 -5.8993
1.12 -5.8996
1.13 -5.8999
1.14 -5.9002
1.15 -5.9006
1.16 -5.9009
1.17 -5.9012
1.18 -5.9016
1.19 -5.9019
1.2 -5.9021
1.21 -5.9023
1.22 -5.9023
1.23 -5.9023
1.24 -5.9022
1.25 -5.902
1.26 -5.9018
1.27 -5.9014
1.28 -5.901
1.29 -5.9006
1.3 -5.9002
1.31 -5.8997
1.32 -5.8992
1.33 -5.8987
1.34 -5.8983
1.35 -5.8979
1.36 -5.8975
1.37 -5.8971
1.38 -5.8967
1.39 -5.8963
1.4 -5.8957
1.41 -5.8952
1.42 -5.8945
1.43 -5.8939
1.44 -5.8932
1.45 -5.8925
1.46 -5.8919
1.47 -5.8912
1.48 -5.8904
1.49 -5.8895
1.5 -5.8885
1.51 -5.8873
1.52 -5.8861
1.53 -5.8849
1.54 -5.8837
1.55 -5.8824
1.56 -5.881
1.57 -5.8795
1.58 -5.8779
1.59 -5.8762
1.6 -5.8744
1.61 -5.8724
1.62 -5.87
1.63 -5.8672
1.64 -5.8638
1.65 -5.8596
1.66 -5.8547
1.67 -5.8488
1.68 -5.8419
1.69 -5.8342
1.7 -5.8259
1.71 -5.8173
1.72 -5.8085
1.73 -5.7998
1.74 -5.7908
1.75 -5.7815
1.76 -5.7718
1.77 -5.7617
1.78 -5.7512
1.79 -5.7404
1.8 -5.7291
1.81 -5.7171
1.82 -5.7043
1.83 -5.6906
1.84 -5.6761
1.85 -5.6607
1.86 -5.6445
1.87 -5.6274
1.88 -5.6092
1.89 -5.5898
1.9 -5.569
1.91 -5.5467
1.92 -5.5225
1.93 -5.4965
1.94 -5.4681
1.95 -5.4374
1.96 -5.4039
1.97 -5.3678
1.98 -5.3295
1.99 -5.2899
2 -5.2507
2.01 -5.2148
2.02 -5.1864
2.03 -5.1712
2.04 -5.1756
2.05 -5.2055
2.06 -5.2629
2.07 -5.3437
2.08 -5.4366
2.09 -5.5274
2.1 -5.6053
2.11 -5.6655
2.12 -5.7081
2.13 -5.7361
2.14 -5.7532
2.15 -5.762
2.16 -5.7646
2.17 -5.7617
2.18 -5.7539
2.19 -5.7414
2.2 -5.7246
2.21 -5.7045
2.22 -5.6825
2.23 -5.6599
2.24 -5.6376
2.25 -5.6165
2.26 -5.5971
2.27 -5.5797
2.28 -5.5643
2.29 -5.5509
2.3 -5.5394
2.31 -5.5295
2.32 -5.5213
2.33 -5.515
2.34 -5.5107
2.35 -5.5089
2.36 -5.5103
2.37 -5.516
2.38 -5.5276
2.39 -5.5468
2.4 -5.575
2.41 -5.6132
2.42 -5.6603
2.43 -5.7132
2.44 -5.7671
2.45 -5.8169
2.46 -5.8587
2.47 -5.8907
2.48 -5.9131
2.49 -5.928
2.5 -5.9373
2.51 -5.9429
2.52 -5.9458
2.53 -5.9469
2.54 -5.9468
2.55 -5.9458
2.56 -5.9441
2.57 -5.9417
2.58 -5.9388
2.59 -5.9353
2.6 -5.9315
2.61 -5.9273
2.62 -5.923
2.63 -5.9189
2.64 -5.915
2.65 -5.9116
2.66 -5.9086
2.67 -5.9057
2.68 -5.9027
2.69 -5.8995
2.7 -5.896
2.71 -5.8923
2.72 -5.8886
2.73 -5.8849
2.74 -5.8814
2.75 -5.8783
2.76 -5.8755
2.77 -5.8733
2.78 -5.8717
2.79 -5.8706
2.8 -5.8703
2.81 -5.8706
2.82 -5.8717
2.83 -5.8737
2.84 -5.8767
2.85 -5.8806
2.86 -5.8856
2.87 -5.8912
2.88 -5.8971
2.89 -5.9028
2.9 -5.9079
2.91 -5.9122
2.92 -5.9158
2.93 -5.9186
2.94 -5.9207
2.95 -5.9221
2.96 -5.9231
2.97 -5.9237
2.98 -5.924
2.99 -5.9241
3 -5.9242
3.01 -5.9242
3.02 -5.9241
3.03 -5.924
3.04 -5.9239
3.05 -5.9238
3.06 -5.9235
3.07 -5.9229
3.08 -5.9221
3.09 -5.9208
3.1 -5.919
3.11 -5.9168
3.12 -5.9142
3.13 -5.9113
3.14 -5.9083
3.15 -5.9054
3.16 -5.9026
3.17 -5.9
3.18 -5.8976
3.19 -5.8955
3.2 -5.8936
3.21 -5.892
3.22 -5.8907
3.23 -5.8897
3.24 -5.8888
3.25 -5.8881
3.26 -5.8875
3.27 -5.8871
3.28 -5.8867
3.29 -5.8865
3.3 -5.8863
3.31 -5.8861
3.32 -5.8859
3.33 -5.8857
3.34 -5.8854
3.35 -5.885
3.36 -5.8846
3.37 -5.8842
3.38 -5.8839
3.39 -5.8837
3.4 -5.8836
3.41 -5.8837
3.42 -5.884
3.43 -5.8844
3.44 -5.885
3.45 -5.8856
3.46 -5.8862
3.47 -5.8866
3.48 -5.8869
3.49 -5.8871
3.5 -5.8872
3.51 -5.8873
3.52 -5.8874
3.53 -5.8876
3.54 -5.8878
3.55 -5.888
3.56 -5.8882
3.57 -5.8885
3.58 -5.8887
3.59 -5.889
3.6 -5.8893
3.61 -5.8897
3.62 -5.8901
3.63 -5.8905
3.64 -5.8909
3.65 -5.8913
3.66 -5.8918
3.67 -5.8923
3.68 -5.8928
3.69 -5.8933
3.7 -5.8938
3.71 -5.8942
3.72 -5.8947
3.73 -5.895
3.74 -5.8952
3.75 -5.8955
3.76 -5.8957
3.77 -5.8962
3.78 -5.8968
3.79 -5.8976
3.8 -5.8983
3.81 -5.8991
3.82 -5.8996
3.83 -5.9
3.84 -5.9002
3.85 -5.9004
3.86 -5.9005
3.87 -5.9004
3.88 -5.9003
3.89 -5.9
3.9 -5.8998
3.91 -5.8996
3.92 -5.8994
3.93 -5.8992
3.94 -5.8993
3.95 -5.8996
3.96 -5.9003
3.97 -5.9015
3.98 -5.9032
3.99 -5.9051
4 -5.9072
4.01 -5.9093
