0 -0.22216
0.01 -0.22076
0.02 -0.21928
0.03 -0.21773
0.04 -0.21612
0.05 -0.21446
0.06 -0.21279
0.07 -0.21118
0.08 -0.20966
0.09 -0.20829
0.1 -0.20712
0.11 -0.20618
0.12 -0.20548
0.13 -0.20501
0.14 -0.20476
0.15 -0.20467
0.16 -0.20472
0.17 -0.20488
0.18 -0.20509
0.19 -0.20535
0.2 -0.20563
0.21 -0.2059
0.22 -0.20615
0.23 -0.20637
0.24 -0.20654
0.25 -0.20664
0.26 -0.20666
0.27 -0.20659
0.28 -0.20642
0.29 -0.20616
0.3 -0.20579
0.31 -0.20531
0.32 -0.20472
0.33 -0.20403
0.34 -0.20324
0.35 -0.20238
0.36 -0.20148
0.37 -0.20058
0.38 -0.19972
0.39 -0.19895
0.4 -0.19832
0.41 -0.19787
0.42 -0.19764
0.43 -0.19765
0.44 -0.19795
0.45 -0.19856
0.46 -0.19949
0.47 -0.20077
0.48 -0.20238
0.49 -0.20429
0.5 -0.20648
0.51 -0.20889
0.52 -0.21146
0.53 -0.21414
0.54 -0.21688
0.55 -0.21964
0.56 -0.22239
0.57 -0.2251
0.58 -0.22778
0.59 -0.23045
0.6 -0.23311
0.61 -0.23583
0.62 -0.23865
0.63 -0.24162
0.64 -0.24481
0.65 -0.24827
0.66 -0.25205
0.67 -0.2562
0.68 -0.26075
0.69 -0.26576
0.7 -0.27131
0.71 -0.27747
0.72 -0.28435
0.73 -0.29207
0.74 -0.30077
0.75 -0.31056
0.76 -0.32156
0.77 -0.33384
0.78 -0.34744
0.79 -0.36232
0.8 -0.3784
0.81 -0.39551
0.82 -0.41344
0.83 -0.43195
0.84 -0.45084
0.85 -0.46995
0.86 -0.48924
0.87 -0.50875
0.88 -0.52856
0.89 -0.54873
0.9 -0.56931
0.91 -0.59024
0.92 -0.61143
0.93 -0.63275
0.94 -0.65406
0.95 -0.67526
0.96 -0.69629
0.97 -0.71713
0.98 -0.73781
0.99 -0.75834
1 -0.77874
1.01 -0.799
1.02 -0.81904
1.03 -0.83878
1.04 -0.85814
1.05 -0.8771
1.06 -0.89568
1.07 -0.91398
1.08 -0.93209
1.09 -0.95014
1.1 -0.96823
1.11 -0.98641
1.12 -1.0047
1.13 -1.023
1.14 -1.0412
1.15 -1.0594
1.16 -1.0774
1.17 -1.0953
1.18 -1.1131
1.19 -1.1306
1.2 -1.1479
1.21 -1.1649
1.22 -1.1816
1.23 -1.1981
1.24 -1.2144
1.25 -1.2307
1.26 -1.2469
1.27 -1.2631
1.28 -1.2792
1.29 -1.2951
1.3 -1.3109
1.31 -1.3266
1.32 -1.3422
1.33 -1.3576
1.34 -1.3728
1.35 -1.3876
1.36 -1.4021
1.37 -1.4161
1.38 -1.4295
1.39 -1.4423
1.4 -1.4545
1.41 -1.4661
1.42 -1.4772
1.43 -1.4878
1.44 -1.498
1.45 -1.5076
1.46 -1.5168
1.47 -1.5254
1.48 -1.5335
1.49 -1.5411
1.5 -1.548
1.51 -1.5544
1.52 -1.5603
1.53 -1.5655
1.54 -1.5702
1.55 -1.5742
1.56 -1.5779
1.57 -1.5812
1.58 -1.5843
1.59 -1.5873
1.6 -1.5904
1.61 -1.5935
1.62 -1.5969
1.63 -1.6003
1.64 -1.6039
1.65 -1.6074
1.66 -1.6107
1.67 -1.6138
1.68 -1.6164
1.69 -1.6183
1.7 -1.6194
1.71 -1.6196
1.72 -1.6188
1.73 -1.6168
1.74 -1.6136
1.75 -1.6091
1.76 -1.6033
1.77 -1.5962
1.78 -1.5881
1.79 -1.5793
1.8 -1.57
1.81 -1.5605
1.82 -1.5511
1.83 -1.5419
1.84 -1.5329
1.85 -1.524
1.86 -1.5148
1.87 -1.5048
1.88 -1.4935
1.89 -1.4802
1.9 -1.4644
1.91 -1.4452
1.92 -1.422
1.93 -1.3942
1.94 -1.3612
1.95 -1.3225
1.96 -1.2778
1.97 -1.2272
1.98 -1.171
1.99 -1.1102
2 -1.0462
2.01 -0.98066
2.02 -0.91597
2.03 -0.85469
2.04 -0.79954
2.05 -0.75305
2.06 -0.71728
2.07 -0.69359
2.08 -0.68236
2.09 -0.68291
2.1 -0.69349
2.11 -0.71141
2.12 -0.73339
2.13 -0.75599
2.14 -0.77602
2.15 -0.79085
2.16 -0.79863
2.17 -0.79829
2.18 -0.78959
2.19 -0.77297
2.2 -0.74953
2.21 -0.72085
2.22 -0.68863
2.23 -0.65443
2.24 -0.6194
2.25 -0.58424
2.26 -0.54933
2.27 -0.51489
2.28 -0.48112
2.29 -0.44837
2.3 -0.41726
2.31 -0.38868
2.32 -0.3638
2.33 -0.34403
2.34 -0.33086
2.35 -0.32586
2.36 -0.33054
2.37 -0.3462
2.38 -0.37384
2.39 -0.41402
2.4 -0.46672
2.41 -0.53123
2.42 -0.60613
2.43 -0.68933
2.44 -0.77819
2.45 -0.86974
2.46 -0.96091
2.47 -1.0488
2.48 -1.1309
2.49 -1.2052
2.5 -1.2697
2.51 -1.3234
2.52 -1.3657
2.53 -1.3968
2.54 -1.4177
2.55 -1.4299
2.56 -1.4354
2.57 -1.4359
2.58 -1.4326
2.59 -1.4265
2.6 -1.4181
2.61 -1.4074
2.62 -1.3945
2.63 -1.3789
2.64 -1.3602
2.65 -1.338
2.66 -1.3122
2.67 -1.2829
2.68 -1.2506
2.69 -1.2161
2.7 -1.1798
2.71 -1.1423
2.72 -1.1036
2.73 -1.0639
2.74 -1.0231
2.75 -0.98152
2.76 -0.93935
2.77 -0.89692
2.78 -0.85449
2.79 -0.81219
2.8 -0.77
2.81 -0.7278
2.82 -0.68546
2.83 -0.64291
2.84 -0.60017
2.85 -0.55743
2.86 -0.51496
2.87 -0.47309
2.88 -0.43216
2.89 -0.39249
2.9 -0.35435
2.91 -0.31803
2.92 -0.28379
2.93 -0.25192
2.94 -0.22269
2.95 -0.19634
2.96 -0.17311
2.97 -0.15319
2.98 -0.13677
2.99 -0.12395
3 -0.11477
3.01 -0.1092
3.02 -0.10705
3.03 -0.10801
3.04 -0.1116
3.05 -0.11722
3.06 -0.12421
3.07 -0.1319
3.08 -0.13974
3.09 -0.14732
3.1 -0.15441
3.11 -0.16091
3.12 -0.16686
3.13 -0.17238
3.14 -0.17761
3.15 -0.18269
3.16 -0.18773
3.17 -0.19279
3.18 -0.19785
3.19 -0.20287
3.2 -0.20779
3.21 -0.21253
3.22 -0.21701
3.23 -0.22116
3.24 -0.22489
3.25 -0.22812
3.26 -0.23081
3.27 -0.23291
3.28 -0.23445
3.29 -0.23548
3.3 -0.23614
3.31 -0.23652
3.32 -0.23674
3.33 -0.23684
3.34 -0.23685
3.35 -0.23672
3.36 -0.2364
3.37 -0.23584
3.38 -0.23506
3.39 -0.23409
3.4 -0.23304
3.41 -0.232
3.42 -0.23106
3.43 -0.23028
3.44 -0.22967
3.45 -0.22923
3.46 -0.22889
3.47 -0.2286
3.48 -0.2283
3.49 -0.22794
3.5 -0.22752
3.51 -0.22704
3.52 -0.22651
3.53 -0.22596
3.54 -0.22542
3.55 -0.2249
3.56 -0.22441
3.57 -0.22395
3.58 -0.22354
3.59 -0.22319
3.6 -0.22293
3.61 -0.22282
3.62 -0.22286
3.63 -0.22307
3.64 -0.22345
3.65 -0.22401
3.66 -0.22477
3.67 -0.22571
3.68 -0.22682
3.69 -0.22809
3.7 -0.22946
3.71 -0.2309
3.72 -0.23235
3.73 -0.23375
3.74 -0.23502
3.75 -0.2361
3.76 -0.23691
3.77 -0.23742
3.78 -0.23762
3.79 -0.23752
3.8 -0.23714
3.81 -0.23655
3.82 -0.2358
3.83 -0.23492
3.84 -0.23398
3.85 -0.233
3.86 -0.23202
3.87 -0.23108
3.88 -0.23019
3.89 -0.22937
3.9 -0.22865
3.91 -0.22805
3.92 -0.22759
3.93 -0.22727
3.94 -0.22713
3.95 -0.22717
3.96 -0.22738
3.97 -0.22775
3.98 -0.22824
3.99 -0.2288
4 -0.22938
4.01 -0.22994
